-16.787360021 1.009185213
-15.379921024 -3.320648854
-6.759908873 2.164819242
7.864917608 -8.854395976
15.165934270 -4.511670136
15.165934270 -4.511670136
15.165934270 -4.511670136
15.165934270 -4.511670136
15.165934270 -4.511670136
15.165934270 -4.511670136
15.165934270 -4.511670136
15.165934270 -4.511670136
15.165934270 -4.511670136
15.165934270 -4.511670136
15.165934270 -4.511670136
15.165934270 -4.511670136
15.165934270 -4.511670136
15.165934270 -4.511670136
15.165934270 -4.511670136
15.165934270 -4.511670136
15.165934270 -4.511670136
15.165934270 -4.511670136
16.496456620 -4.412791300
15.165934270 -4.511670136
15.165934270 -4.511670136
15.165934270 -4.511670136
-8.622721635 16.045974367
15.165934270 -4.511670136
15.209224958 -4.518008709
15.165934270 -4.511670136
-11.766451031 -9.175753269
-11.897033509 0.186763298
-9.713192529 -2.202007792
-10.165351091 -9.172069053
-9.955286235 -9.506999210
-7.709719052 2.707135683
-4.709034898 -6.177239081
-9.945960591 -9.536856584
-6.850169923 -10.305374321
-7.423956416 -7.995498120
-3.277776422 -11.250075400
-7.639437732 0.755635314
-7.573856268 18.330868838
4.481779434 -12.595002761
-7.304830818 0.746687697
-11.766451031 -9.175753269
-9.928809903 -9.529742862
-9.367497489 -12.706628304
1.650301784 -3.024088530
-8.098888284 5.938383457
-8.098888284 5.938383457
-1.340521413 -15.813798042
0.429436962 -14.550917517
-14.430996572 -10.324228225
1.010904425 -2.982214871
-17.889664817 -2.278982244
18.449909317 15.559616998
-19.220645265 -9.038841847
-6.442290946 9.458743670
-0.034528276 -1.705235680
1.706654878 4.627467259
-4.132791740 -12.159444566
-0.011616590 -5.525960583
12.709361991 -16.425309254
17.172507750 14.773928927
-17.025680558 -3.409171524
6.957315885 8.392813656
-0.895935836 -10.112232238
-0.895935836 -10.112232238
-9.945960591 -9.536856584
-9.941294726 -9.520713258
8.662707268 8.628213845
5.306760941 -1.725907993
-2.606391313 17.687263867
-2.608019490 17.708449916
-4.794412577 -6.187427821
-0.032410427 -1.707767268
-7.730983633 18.316658576
-9.928809903 -9.529742862
-9.928809903 -9.529742862
-5.174890956 -10.595996650
-8.734826923 16.294511788
-17.832661821 -5.323041498
-18.339145480 -3.423136766
2.702012586 6.496408582
-19.452576043 -3.671776388
11.970282948 -14.208802360
5.790111017 8.141119585
16.789812610 0.765996839
12.101850821 -17.042853312
6.353195892 -9.529887607
8.099711254 -18.048849361
3.100960155 -16.520858309
12.727853066 -16.436522542
8.277181165 -14.370275683
0.374300921 10.610462123
3.826749311 -16.086049299
6.353195892 -9.529887607
13.821365557 16.571859259
8.076329602 -14.320738589
10.013391377 16.758469046
14.260639192 -13.258992508
10.013391377 16.758469046
2.982806622 -14.939716059
3.088101572 -16.534436696
-8.100678321 4.213360915
3.663387368 -16.668255070
9.609622422 2.452896826
10.983084303 -15.909320917
17.055325798 10.843429645
10.387185151 16.685284928
5.131988919 15.799980240
12.256977773 -15.701669818
11.306784411 -9.447477682
16.788903695 0.771341796
18.212883409 -9.270403749
15.656222449 -16.158955923
-9.468443693 1.409737255
-2.570660888 12.184437033
-5.601953890 -10.036732345
15.920896901 -12.949551810
6.747893151 -18.488181981
3.088101572 -16.534436696
8.791499227 -12.405217853
17.245266199 -13.885783289
14.255401722 2.462583568
10.386022768 -0.492909586
12.584432632 -10.756994873
6.924308414 -20.141273325
18.230273802 -9.277480482
13.861481804 4.488067852
-6.842081319 -10.236966164
9.697244511 7.273383871
10.386443480 16.660122739
12.677953731 -14.163883377
2.743337054 -7.826120656
2.824469792 -0.682587155
10.386443480 16.660122739
-2.570660888 12.184437033
7.099643013 4.253065192
6.482601043 6.513663084
12.820713563 -16.651402515
1.460977260 12.362885107
13.091287444 7.754196144
3.080246936 -11.720249726
5.191224786 -11.622291386
4.189296275 -15.062007765
12.596142077 -10.782276618
8.277181165 -14.370275683
12.762772988 -11.254311392
8.277181165 -14.370275683
6.566071881 1.793607967
1.784330880 10.341735682
8.434648260 4.461259986
11.765359269 3.284085767
10.429289912 10.377245442
8.360199498 7.336255154
12.762772988 -11.254311392
4.136603177 -10.836048751
4.999407581 -5.772264233
9.695669665 5.310818365
5.127117729 -11.672446472
18.231065322 -9.275428219
7.866425400 -14.205360396
12.356551511 -14.036800799
5.793691397 8.142036473
8.277181165 -14.370275683
16.591910059 1.229709592
14.478946269 -19.540368165
16.584626079 1.229657917
12.828292120 -11.359373679
10.429289912 10.377245442
8.076329602 -14.320738589
16.996095747 2.371359881
8.360199498 7.336255154
1.555510707 -11.197870683
2.169220262 -6.964232379
6.948648140 5.700449120
6.923004284 -20.141055552
17.851134741 -10.763064641
11.765359269 3.284085767
8.667474447 -5.439646027
6.311101931 1.762084973
-10.041972857 -3.877617106
9.246470645 9.848594937
-7.149476689 -14.049327738
12.870967149 -14.210145033
-11.860129578 -2.574601849
13.123235316 7.756703041
8.791499227 -12.405217853
11.998284786 1.572981722
10.365648560 10.281064003
10.711966640 -12.959645736
9.964440264 -17.741025362
12.820713563 -16.651402515
17.848894493 -10.767007012
14.479727414 -19.747563797
2.797971290 -12.229247448
14.479066918 -19.738060382
12.156622574 7.675544595
13.663542602 5.343340927
9.609354161 2.452853508
7.866425400 -14.205360396
13.668539885 5.339159371
1.478261741 12.366946087
-0.462763423 11.427256321
2.982806622 -14.939716059
1.784280197 10.341386916
15.611653428 -16.135999423
6.948648140 5.700449120
4.188951964 -15.052341213
18.147020413 13.789977159
10.983084303 -15.909320917
5.615170231 9.692170376
12.396931173 9.888583326
12.828292120 -11.359373679
5.190010299 -11.628834853
14.311669569 -14.263858264
8.071785278 -14.316930476
17.245266199 -13.885783289
8.277181165 -14.370275683
12.172136241 -14.027168342
17.927673121 -9.056057558
12.345880423 -19.059111455
-8.221466868 -1.230825359
12.410801283 9.887348373
18.167480473 -9.273521142
18.193522444 -9.275618502
10.420178338 -14.904619403
10.420178338 -14.904619403
7.840393647 -16.419728960
5.202681796 -11.631596126
12.172136241 -14.027168342
15.457968316 -16.057996623
9.906955811 -17.794147011
15.921439917 -12.949536167
10.880811757 -14.057989941
16.010182534 2.935071233
15.324871612 -16.023941165
-17.820019285 -5.209889298
-1.076306457 -5.293984174
7.255522988 7.768772386
12.870590808 -14.195730365
18.233912891 -9.271274170
0.798886735 13.097495560
9.824439323 -14.428910960
5.191213175 -11.616970844
13.824448695 16.593522262
12.856273048 -16.916629374
7.882821290 5.259120481
4.997435270 -5.768592994
5.127977317 -11.693456899
5.404841864 -11.230770618
12.582351321 -10.761575803
2.169175409 -6.964230556
7.254978844 7.766654188
12.920213916 -16.852827142
2.962389212 -16.345041979
12.920213916 -16.852827142
4.997435270 -5.768592994
3.100616904 -16.559616090
2.742869946 -7.830730327
12.872733535 -16.906512738
10.027772811 16.771122762
6.652848869 7.291667703
15.303734192 14.368628133
12.334171875 -19.059330061
6.892435861 -19.915317479
10.429289912 10.377245442
14.432502444 -2.004200748
10.052769955 -13.206191371
4.177749909 -10.779104767
14.096825795 4.374371432
12.862064148 -14.162158143
14.467570589 -19.750373783
-19.909802225 -6.225570067
9.686079757 5.308993931
9.964440264 -17.741025362
12.172136241 -14.027168342
12.677953731 -14.163883377
12.865091212 -16.900465730
10.750886429 6.595879449
17.254617691 -13.881273386
12.056891134 -16.994222264
10.808329074 -11.154836446
18.231065322 -9.275428219
10.591608361 0.415385858
10.980235940 0.563622542
4.216789508 -10.739209664
10.714559948 -12.959668464
10.055735929 -13.217627412
12.865091212 -16.900465730
12.865091212 -16.900465730
5.567829768 -11.094794681
9.246143745 -11.486836496
14.471448518 -19.545156441
12.172136241 -14.027168342
18.230273802 -9.277480482
17.331766462 3.012132922
7.865983259 -14.203802005
6.926471598 -20.169245607
12.402510210 9.891411405
12.855092951 -14.147950435
10.430742798 10.380977580
12.857778957 -14.157282852
15.590745972 -16.130096716
15.590745972 -16.130096716
4.258306466 1.114076571
14.466067788 -19.734656458
5.150524256 -11.582903245
9.961723085 -17.747715869
-17.904433794 -1.201165051
4.647695787 6.531042545
12.049657163 -16.990951515
12.289961584 -15.758572161
2.962719172 -16.337805641
10.042141451 -15.430956372
14.953426690 -15.893550574
15.295103093 -15.382063109
9.778452938 -10.107348049
-7.107096579 -14.044966387
12.157601926 7.675819590
14.455137249 -19.538125317
17.090297640 -11.622925846
12.870590808 -14.195730365
10.384761091 16.653305415
-17.961503833 -2.350108431
13.854497604 16.670204632
9.687566945 5.309685165
3.582851042 -16.643885580
10.052769955 -13.206191371
4.997435270 -5.768592994
1.008046775 13.423129874
2.168374117 11.004862319
6.311101931 1.762084973
10.421016668 -14.911864518
-18.000831065 -2.350452003
12.870590808 -14.195730365
10.813621112 4.854236364
6.923416748 -20.136263629
3.099999399 -16.561903814
12.356551511 -14.036800799
10.803217478 -11.160593215
12.677953731 -14.163883377
18.889813448 2.670679696
17.473192410 3.166621468
6.924026316 -20.136790437
3.100702138 -16.561836519
2.808482943 -7.871691510
7.865983259 -14.203802005
2.808482943 -7.871691510
2.808482943 -7.871691510
3.088314181 -16.531106857
15.561873170 -16.127356434
9.965415340 -17.739338445
9.697244511 7.273383871
-9.649690790 -3.637250441
10.750886429 6.595879449
7.059617191 -9.389033767
12.780806826 -11.254640671
18.250123565 -9.277731051
10.822145452 -11.155742003
9.883197761 16.625506155
6.652670674 7.289052137
16.356686755 4.316644604
15.993297780 2.934474796
16.205548902 2.703411901
18.229441590 -9.261934011
6.573525730 1.811835554
4.647695787 6.531042545
6.566071881 1.793607967
14.464052900 -19.511769273
14.464052900 -19.511769273
7.249622232 7.758525997
9.686079757 5.308993931
17.258546359 -11.272572660
10.365648560 10.281064003
15.480156529 -16.080237344
15.590745972 -16.130096716
4.997435270 -5.768592994
9.824439323 -14.428910960
8.277181165 -14.370275683
-11.654546210 4.579461970
8.360604424 7.336484864
1.460977260 12.362885107
-0.057915451 12.517622690
-0.057915451 12.517622690
12.927033743 -16.870711498
3.099999399 -16.561903814
12.356551511 -14.036800799
18.229441590 -9.261934011
12.646583193 -0.337129512
7.099643013 4.253065192
10.045384563 -15.431696903
7.249622232 7.758525997
7.249622232 7.758525997
8.071785278 -14.316930476
17.095463375 -11.617640550
10.750886429 6.595879449
-0.462727231 11.426588655
-0.427258127 11.727044027
12.663877380 -14.157208364
-18.562045600 -2.046709463
-17.728798445 -0.702063246
2.189605673 6.907372771
-17.001189942 -5.546149322
-18.755949235 -1.988770469
-19.902647123 -6.230320340
-14.556948743 -4.476609720
-19.891453651 -6.223959191
-19.800193896 -6.316596589
16.025535387 5.275121490
13.822709958 16.590705680
8.279509511 -14.379626086
17.000776502 2.430659569
14.470785390 -19.749231905
8.071785278 -14.316930476
17.237620720 -13.862638806
-8.723002594 0.340034488
0.455041610 12.559152599
-2.614137614 17.710889081
0.437659610 17.389838604
12.843917121 -14.137497962
12.862064148 -14.162158143
8.428285368 4.459049851
2.984185048 -14.944446996
10.986085525 -15.915795240
13.671316162 5.343542733
-2.570847303 12.186961747
13.861481804 4.488067852
9.778452938 -10.107348049
14.706867724 -9.982481185
15.295103093 -15.382063109
0.602498750 17.417321065
3.099999399 -16.561903814
4.716113233 5.935028050
2.962663764 -16.337834252
12.094028427 -17.032939818
9.963382047 -17.733938068
10.387185151 16.685284928
10.754134599 -19.745373323
13.821365557 16.571859259
10.421016668 -14.911864518
-1.654284283 3.742200698
-1.654284283 3.742200698
9.778452938 -10.107348049
3.099999399 -16.561903814
10.052769955 -13.206191371
1.805205058 -10.338529041
-0.028272032 -1.709099111
6.892442339 -19.908913989
5.190578239 -11.620652545
5.150524256 -11.582903245
3.538187529 -16.183442697
17.252682326 -13.887425807
3.032490440 -11.766588451
9.686985515 5.309270484
18.230273802 -9.277480482
2.962663764 -16.337834252
18.167480473 -9.273521142
2.824469792 -0.682587155
3.101193037 -16.551660562
12.553561411 -17.032398628
10.711036092 -12.965616254
0.374339180 10.612888253
4.179292561 -10.792587189
15.656222449 -16.158955923
8.071785278 -14.316930476
0.007062305 12.593840230
1.464916606 12.360982304
3.099999399 -16.561903814
15.656222449 -16.158955923
3.100118334 -16.552183539
13.499004210 -3.858874907
4.177327510 -10.786068669
10.385378739 16.659986137
18.212883409 -9.270403749
15.171487556 4.253603741
6.891962278 -19.894384022
12.172136241 -14.027168342
12.172136241 -14.027168342
2.240373969 11.250147883
14.260639192 -13.258992508
-20.006228696 -2.391081115
15.295103093 -15.382063109
-0.057880049 12.516114917
2.828210425 9.523135223
-9.886446030 0.910809945
3.100945742 -16.529654717
0.346792517 16.545599068
1.125167418 17.371098687
4.190189614 -15.063841021
18.231065322 -9.275428219
8.655033897 0.858592556
-9.490376893 -7.783630793
-9.479879560 -8.744746590
9.901374217 -17.789314743
4.997435270 -5.768592994
18.205144265 -9.273863098
10.386443480 16.660122739
16.199652874 5.135323397
10.365648560 10.281064003
14.207989034 -13.271438509
8.432170919 4.461266461
5.113308722 -11.740914400
3.100118334 -16.552183539
10.388843432 16.683212964
-0.894398689 -10.103769332
-1.125005493 -7.686957223
3.253779384 -11.282925221
3.797425913 -11.013112338
4.183496030 -10.786660003
4.183821325 -10.728440890
7.055694253 -9.391998888
18.891795871 2.671991823
3.100118334 -16.552183539
15.162736378 4.251307243
10.429289912 10.377245442
2.828118327 9.522498522
7.099643013 4.253065192
12.100899341 7.654079870
3.313444294 4.917473952
16.984609754 10.837560005
16.929113375 0.496303905
2.819869400 -7.873647032
10.651650909 -19.730347394
15.656222449 -16.158955923
9.246143745 -11.486836496
7.865983259 -14.203802005
4.390392962 -10.289405228
5.151912431 -11.599845926
12.855092951 -14.147950441
4.187842720 -10.789278463
7.845594589 -16.419203578
10.390740630 16.679821746
-0.011065455 -5.526010187
10.385378739 16.659986137
15.590745972 -16.130096716
10.052769955 -13.206191371
11.429691283 -14.217219175
14.311669569 -14.263858264
6.307869353 -17.569515031
10.811737391 -11.154135123
12.646583193 -0.337129512
7.882821290 5.259120481
6.571678782 1.794525374
6.565314574 1.795330775
12.663877380 -14.157208364
16.995717002 2.371465348
12.356551511 -14.036800799
1.706709253 4.623138873
12.640190330 -0.337141810
14.255401722 2.462583568
8.374360866 6.024021057
10.750886429 6.595879449
3.224289003 7.459291916
10.750886429 6.595879449
12.049657163 -16.990951515
12.049657163 -16.990951515
1.008046775 13.423129874
10.878536841 -14.049611929
2.743783834 -7.830033020
12.205933299 -15.824024655
2.931304206 9.529427907
5.012977636 16.190017062
6.539392148 -17.918373202
2.167834607 -6.973577854
3.664457178 -16.658924098
14.255401722 2.462583568
6.891640971 -19.893674513
1.008046775 13.423129874
4.847074276 16.188021004
12.356551511 -14.036800799
12.779089922 -11.253858891
11.997623032 1.572768441
-3.801558303 -14.563669233
8.096297414 -18.060680154
7.636040744 -18.131280680
11.438017234 -14.059501421
14.264819651 -13.269677633
9.486799006 6.522066126
-0.028455890 -1.713249448
4.666616235 6.513747814
12.917254443 -16.846995622
8.428285368 4.459049851
-16.445040239 -7.676691399
10.026149415 16.770418016
2.239940370 11.250287154
16.261171365 12.964093360
12.640190330 -0.337141810
12.640190330 -0.337141810
15.656222449 -16.158955923
11.074114304 0.567456108
5.190578239 -11.620652545
11.625453773 -12.518943402
12.334171875 -19.059330061
8.428285368 4.459049851
12.172136241 -14.027168342
8.071785278 -14.316930476
8.279509511 -14.379626086
18.212883409 -9.270403749
15.358214615 -11.315904458
-13.137269328 -16.386962769
12.157628950 7.678055135
-0.459529474 18.290842697
10.013496417 16.762945806
10.387533789 16.661943569
10.042250811 2.583134887
12.408365133 9.885692689
4.666279910 6.512935212
5.913294859 -14.771009907
10.791693917 0.628655910
4.997435270 -5.768592994
4.190291636 -15.067307102
16.984609754 10.837560005
10.048713135 2.581520004
12.386395164 9.890012771
-9.062514198 0.824606098
5.191404957 -11.616969375
16.922981960 0.495990803
-0.797275737 17.386131360
6.825014859 -19.417357558
-18.578440336 -2.334476727
-18.578440336 -2.334476727
18.233892571 -9.238645433
14.260005149 -13.266501497
18.234991703 -9.249634816
10.052769955 -13.206191371
7.622162838 6.970114983
13.092858134 7.753451491
13.127148824 7.755257080
10.711966640 -12.959645736
10.811737391 -11.154135123
6.923565744 -20.133310406
10.365648560 10.281064003
16.566135367 1.217851983
12.172136241 -14.027168342
11.964555933 -14.200831700
4.453985937 10.088390997
17.846308922 -10.761975607
12.547282725 -17.023170246
-4.690696477 -1.552470625
12.870301478 -14.189879818
-2.666628506 16.634036033
12.343889995 -19.068646382
10.365648560 10.281064003
12.574402441 -10.757679570
7.099643013 4.253065192
7.099643013 4.253065192
13.668539885 5.339159371
12.917254443 -16.846995622
12.356551511 -14.036800799
17.254617691 -13.881273386
18.213702867 -9.266430295
10.930895343 -14.665709332
11.289068831 5.421432030
10.959524543 1.072553323
15.573097783 -16.125983077
12.435258263 -16.055455521
4.105595036 -15.667874305
6.948648140 5.700449120
2.799666824 -12.221116936
10.386820079 16.676173573
12.585688388 -10.769314982
14.703615270 -9.983807062
12.408365133 9.885692689
17.839449116 -10.764711629
8.438461398 4.475020168
6.891640971 -19.893674513
9.401461408 9.168525442
9.486591761 6.522461239
4.647832294 6.534252257
8.374360866 6.024021057
13.817172588 16.571887292
5.017483273 -5.823552595
11.656444990 -14.270966626
15.573097783 -16.125983077
5.127685935 -11.694167273
10.814079251 -11.154665265
-6.732338775 -1.346494890
11.481390518 -14.213080988
1.706639503 4.628879648
8.279509511 -14.379626086
16.584626079 1.229657917
15.656222449 -16.158955923
4.608047247 -12.478271072
11.289068831 5.421432030
12.407833295 9.888370514
9.824439323 -14.428910960
9.831277057 -14.431215543
4.453985937 10.088390997
-2.570847303 12.186961747
14.450518890 -19.545621669
14.466339690 -19.554243768
9.246143745 -11.486836496
10.766031827 -14.616056205
18.257324919 -9.269478418
12.100636465 7.654079701
3.665928367 -16.643828892
5.616094117 9.691084733
12.390344442 -15.962034512
1.135224199 17.374706009
2.807938782 -7.877877532
17.491919145 3.166991047
17.839743269 -10.757639221
6.313200335 18.776942336
18.240436822 -9.276604369
12.356551511 -14.036800799
6.353195892 -9.529887607
10.375689115 16.649050565
18.978660560 13.391222117
12.546319344 -17.016468708
4.994026899 -5.782147899
-0.028455890 -1.713249448
12.094843545 -17.040170208
0.798801969 13.108558852
18.167480473 -9.273521142
-2.970251951 4.005595832
6.572414104 1.811933396
18.229441590 -9.261934011
0.494386292 17.780749987
3.101193037 -16.551660562
13.815341422 16.568752367
10.388843432 16.683212964
-11.500105542 -2.944371698
5.191602000 -11.627682452
10.365648560 10.281064003
4.216429918 -10.743762709
7.249622232 7.758525997
-5.652111773 0.950613617
13.821365557 16.571859259
15.656222449 -16.158955923
2.743960888 -7.829246121
8.428285368 4.459049851
15.590745972 -16.130096716
10.813621112 4.854236364
17.086898854 -13.931198146
5.017290115 -5.824048933
18.218827703 -9.271776070
14.432969213 -11.594522017
9.904422146 -17.794499630
8.105128820 -18.058970077
12.356551511 -14.036800799
14.260639192 -13.258992508
9.963382047 -17.733938068
12.183009259 -14.040839544
17.848580708 -10.764042346
5.127117729 -11.672446472
8.101486355 -18.063164853
18.221608721 -9.245800876
5.126363500 -11.690984601
6.565314574 1.795330775
12.049657163 -16.990951515
2.743688543 -7.830551278
-7.711243550 2.704992007
10.386239631 16.656844270
-4.417672908 -16.074962407
12.577375083 -10.758216970
-8.787695415 0.660823955
1.760251339 -11.086418474
9.824439323 -14.428910960
10.985228296 -15.913828544
2.743216338 -7.828838262
3.100659627 -16.568159312
18.212883409 -9.270403749
3.224289003 7.459291916
17.838880750 -10.760310408
10.113979759 -13.360192931
4.103435431 -10.755758798
-12.879438487 -15.677996243
10.750886429 6.595879449
8.071785278 -14.316930476
18.167480473 -9.273521142
9.960039215 -17.740998171
12.399453582 9.890554486
8.360604424 7.336484864
16.808102497 -11.847007007
9.694398431 5.311567873
4.104418747 -10.855102642
12.183009259 -14.040839544
10.913913184 0.563553732
11.459124779 -14.056524752
12.917254443 -16.846995622
13.865313041 4.489651472
14.311669569 -14.263858264
12.704765144 -0.325272039
16.587117142 1.229693480
12.103660984 7.661749836
15.162525572 4.252983790
12.343889995 -19.068646382
18.233436486 -9.275117322
2.167834607 -6.973577854
10.956080282 -15.833880643
13.127148824 7.755257080
11.617589091 -12.520006483
15.694252546 -16.177714659
9.778452938 -10.107348049
8.090955882 -18.070480381
-5.176500377 -0.568072373
10.956080282 -15.833880643
2.169220262 -6.964232379
14.409204895 -2.027897069
10.810937158 -11.156892248
15.185537430 -4.531474874
14.215080853 -13.272663630
-8.787695415 0.660823955
11.617482646 -12.518666188
3.100659627 -16.568159312
7.865983259 -14.203802005
6.891621646 -19.904245704
7.860949419 -14.205482807
10.382230615 16.684608916
9.697244511 7.273383871
14.173294209 -14.276525384
6.892123388 -19.920365243
12.834563390 -16.653228904
4.100891084 -10.852078415
9.829560058 -14.433528859
1.784124407 9.455381404
15.573097783 -16.125983077
11.938264987 -14.207739728
9.750695134 -10.138207332
10.808329074 -11.154836446
1.787967721 -10.378563836
7.583117527 8.898689584
12.640190330 -0.337141810
14.452346371 -19.531357163
2.931304206 9.529427907
16.374304371 5.264318187
5.192256541 -11.624871375
5.200970009 -11.613228621
-19.891453651 -6.223959191
-12.725521405 -4.747857087
17.057026626 10.841933803
-12.916528866 -15.775896458
-9.892898011 0.964788516
6.316305275 18.760634402
4.609960356 3.310627746
-6.284202518 -6.166449614
-4.658664347 -6.172766155
-8.622721635 16.045974367
16.295365425 -5.198341448
-10.024024921 -13.843519097
1.645761253 -3.023533728
-1.317709693 -9.818527525
-12.242764628 13.893266199
5.786341296 17.890534438
13.092401435 -7.875146227
6.316305275 18.760634402
4.802913682 9.309221988
5.306760941 -1.725907993
-0.718292742 -9.388721520
-7.170928458 -14.035709521
8.959426195 -6.250768580
9.517844038 11.940765681
18.859875261 13.755713537
7.060564038 -9.393558913
8.305562517 11.298888054
-3.557589576 3.031632247
10.226759105 -5.832809881
-18.124050147 -11.220112420
0.194899389 8.143373912
2.124544148 -3.951800447
12.586281970 12.616710224
12.540865468 12.646898068
-2.159869206 -8.415780558
-0.896308019 -10.112961388
6.166909978 8.169409666
-0.182424383 -10.306577385
-1.687912394 9.539296673
13.513216243 5.183283809
14.652492272 6.792436003
13.513216243 5.183283809
14.828885118 7.078427525
-10.039440529 -3.876783331
-0.182991551 -10.318279852
-2.655015746 16.587427933
-12.916528866 -15.775896458
-1.173073073 -7.598519608
-10.820678196 3.073087010
-3.004236621 2.313740955
11.770964181 3.286151960
8.677498956 -5.454930305
8.774178020 -4.600146442
-0.035160830 -1.701655860
14.620425477 15.156943708
5.998244039 13.575689698
8.213218662 -4.314896917
12.038776683 -4.654090788
-0.817589659 3.811783987
-20.116668645 10.129521234
15.723626690 14.897326333
-6.271263713 -3.090724483
-6.271263713 -3.090724483
14.246984396 -4.785874166
-14.841585752 -7.480342011
-5.197825217 9.983539801
-0.214192782 -14.686428786
-0.214192782 -14.686428786
7.664275968 8.317108631
-6.847468644 -10.296989642
-17.257946764 -4.033942055
-10.319419236 8.210083644
-14.486101765 6.417772994
18.251416153 11.955191380
1.033425329 18.210377475
12.594310843 12.591797952
-0.502017946 18.323477781
8.678783767 -5.453929114
10.675990811 8.340312267
-8.100678321 4.213360915
14.354288350 -4.763086674
-20.114832664 -9.630152777
5.365164261 -3.449430862
-8.276088694 0.277885484
-11.497215907 1.545440534
-9.199897182 3.087949628
5.493279669 -3.427408190
8.423812153 13.984249379
-9.492005471 -6.798018961
-8.276088694 0.277885484
-8.655769896 -12.011434048
-6.735406881 -1.340657804
-7.304830751 0.746546050
8.679946375 -5.457689425
12.596486096 12.617426891
14.740398139 9.331659158
7.471069730 12.323357541
7.582869600 8.901106380
-16.327416814 -6.084277753
-15.836563604 2.343210640
-1.048927697 7.697813274
10.045976463 13.235637362
-14.647673257 -0.745730867
-10.530886223 -14.768026602
-6.756122494 -16.648794876
18.671173785 13.099104264
16.775205974 13.828775335
-17.841631702 1.898690950
-0.718260001 -9.387801838
-0.231442781 17.973422716
15.162736378 4.251307243
-0.034564327 -1.707147051
-15.363485820 -3.306472253
7.213784111 -9.599328184
-0.889570410 7.471402070
-0.487132490 -13.202547145
-0.727507314 18.369517255
-9.126922539 1.513626730
3.817897282 12.813888985
-2.504032728 3.285748421
-5.195075326 9.994368840
-5.195075326 9.994368840
-18.038729983 7.120239683
-16.905340176 9.554566031
-17.147620410 8.086316895
-16.543266542 6.074795338
-0.856217209 -0.683297746
-16.548203694 6.071567770
0.390546708 -14.541997907
-16.492807681 -7.801187112
-10.738095027 14.991083003
-7.285378539 0.020997666
11.074114304 0.567456108
-4.058927855 -13.068518701
5.311702830 -1.737430045
-8.521877919 15.765554586
-0.856217209 -0.683297746
-5.442229166 -15.651590982
18.448763526 15.559264479
-3.562591097 -1.863766175
-1.492866299 -5.309571703
-0.895935836 -10.112232238
4.737860893 3.332084926
-20.063400092 10.060510265
-7.223711720 15.119326399
15.438293975 -11.286342269
6.313202760 -17.563918946
-2.407964497 -14.360805163
-0.244674216 -2.479754943
-2.052609437 -13.945141544
-13.601691119 -13.159641578
4.737860893 3.332084926
2.743688543 -7.830551278
-15.842494941 2.340000013
-14.405458123 3.537041231
7.078984612 -9.381315869
-6.853281262 -10.306529805
-6.960165640 -10.312672175
-7.094893542 0.027189277
-20.115677983 10.146366502
5.367664600 15.198203822
8.032868902 -5.622770904
-9.117066305 -3.586984577
4.847050821 16.188449772
-20.625192445 -3.309299110
-12.072955307 -12.422765441
-16.492807681 -7.801187112
4.994326094 16.184953282
16.543346069 1.225243381
-5.107461059 -3.511672522
2.880818972 10.852346386
-0.758437030 3.850986070
8.680644167 -1.073781001
-16.498409659 -7.799319978
2.239652991 11.246002509
-9.128659408 1.513050449
-8.182406902 -6.961268335
16.474518294 13.183783099
-7.342040127 2.608596044
-11.774173035 -2.713555729
-10.087683501 -6.480775852
-6.598535734 2.219184843
-8.427739047 12.434077740
14.846839620 7.081459843
-20.136477934 10.148823680
7.900971922 18.706306347
-0.797834788 5.009655385
10.675990811 8.340312267
-1.474172072 8.639048695
9.938641080 -3.873839397
-1.859419784 2.913061846
-8.734826923 16.294511788
-9.354827884 12.349737040
13.530215019 -3.840558630
-12.555433184 -5.977541501
-16.875665109 9.562913419
-0.856217209 -0.683297746
-0.856217209 -0.683297746
-14.253668904 6.129243319
-7.158679414 15.095926289
-2.844829222 -11.834452637
-16.495952676 -7.805540694
16.396307781 5.247950234
10.675990811 8.340312267
-19.383079747 8.676489146
14.537339022 -5.771513615
-12.344013208 0.623685317
12.594310843 12.591797952
5.868764423 4.350947314
-2.047085205 -9.667796398
-18.083933079 6.481682373
-9.950073786 -9.518179496
-7.544713619 0.707106025
-9.953866386 -9.508725585
3.819378820 12.801375278
-6.017133738 14.140197000
-4.594617123 9.986295058
4.148735868 7.990708705
4.592075122 13.677336575
-12.242764628 13.893266199
-16.774409964 8.799572537
-7.626723089 18.369195314
-7.643605202 18.394892717
4.148735868 7.990708705
10.868594453 0.510549767
-9.467352796 -0.903564386
7.554510852 8.349085135
-0.748336676 5.060025769
-0.026544926 18.072563892
-2.970251951 4.005595832
4.581453028 -2.300570879
-17.704328091 8.272192369
-7.418387533 -8.000932112
9.715448668 2.749974996
9.715448668 2.749974996
13.115882446 -2.964971769
8.437901688 13.908599692
8.110364415 14.829321702
8.436360845 13.865725137
-6.080470400 6.103326308
-12.725521405 -4.747857087
-7.089725062 -4.512500272
-18.106154798 -11.205635295
-1.714317969 3.455202137
-12.884758076 -15.692248681
10.229867443 -5.841991030
7.897900473 18.680116754
5.145867180 -8.359519007
-6.808029930 -18.171472669
-7.280993310 -17.684699037
-7.279663926 -17.684511491
1.697330259 4.965671814
-8.097663205 5.941315239
-3.277499363 -11.236106632
1.220132200 6.900938932
6.955627702 8.381313926
-5.195075326 9.994368840
-10.205168564 -0.617122742
-3.914644804 -0.010152122
14.594649714 -3.458105538
10.675990811 8.340312267
5.312231188 -1.738745823
-10.803773266 7.873250080
-3.024072670 4.042200331
-8.243864135 -6.865794501
6.311184424 1.762651851
-8.436436505 12.444093281
4.830014171 -1.741779614
10.651650909 -19.730347394
18.837836078 12.273246823
5.871054680 4.351273861
18.671391109 12.557334805
8.902491759 1.022050436
-9.613309056 -1.206203441
-5.166174581 -10.556595877
4.608680279 -12.486674686
-10.088519752 -13.934262688
-13.736486151 9.398032707
-10.189174636 -6.422634788
14.473785285 -19.736051206
13.133881653 -2.971045457
5.397239434 17.207867946
10.679121755 13.413191910
16.489332777 -4.412737475
-9.278605004 7.944621037
-16.506808880 6.082293272
16.482084879 -4.413366733
16.482084879 -4.413366733
3.818276825 12.805265046
18.685928485 13.314091058
15.674014434 18.426339034
18.521398809 13.165039693
18.691875670 13.312651126
-5.928809650 -18.270832977
-14.430996572 -10.324228225
6.316305275 18.760634402
13.771293799 5.143308294
15.141276072 -4.526771363
9.826319204 3.402946351
-19.890136694 -6.227097209
-6.152361040 -17.404733290
-4.644347252 -17.777071483
-5.453550452 1.774572199
-16.498409659 -7.799319978
7.582869600 8.901106380
-10.319419236 8.210083644
17.535438653 14.228722697
14.806125822 7.077763702
-15.332602877 -3.396076825
-18.127893397 -11.220151697
0.798876465 13.099443385
-12.072955307 -12.422765441
-7.170928458 -14.035709521
9.520663830 11.935408807
-10.810478868 13.668280472
-7.170928458 -14.035709521
14.381109380 -4.768260209
10.868594453 0.510549767
6.570881098 1.811603161
5.242144247 -8.337203404
12.582660376 12.644193990
-12.232876320 13.902758068
7.663371674 8.319772685
-3.024072670 4.042200331
16.637201416 4.087738918
-10.190944707 -6.423675883
-10.190944707 -6.423675883
-7.170928458 -14.035709521
0.768728760 -1.191518484
-1.121618987 -5.314221649
-16.624546374 8.628870305
-6.850169923 -10.305374321
11.598446174 1.166308021
-5.325189390 -2.225086484
-18.178527567 -2.429991809
-2.081359268 -8.430250823
-19.800193896 -6.316596589
-8.503722008 15.973477282
-17.832345167 1.896787864
-13.216071130 -16.501902308
-14.499040319 7.777909460
0.179105514 8.132878456
0.945651932 7.360435057
-8.390556328 16.351804864
8.306756690 11.295184266
8.029278933 -5.622372668
5.998244039 13.575689698
-6.442290992 9.458743638
-2.221424803 10.167515239
-11.639673123 4.579479850
7.995473091 -4.700166178
0.955501710 7.343678455
-7.677637925 -3.765221511
-14.883242929 11.879947352
-16.783293851 8.361821145
0.289524474 -2.746391791
-6.458915176 -6.106584814
-17.257946764 -4.033942055
-13.479710197 -14.724009986
-5.567958424 -6.755808848
1.010913698 -2.982159242
-10.313706396 8.210352606
4.737860893 3.332084926
-17.904433794 -1.201165051
-20.001856325 -2.391626598
-6.725092115 2.282582798
-20.125289188 10.130028508
-1.714317969 3.455202137
-6.766479844 1.537460318
-6.770458450 1.537889584
-8.724991735 3.037629657
-16.492807681 -7.801187112
-1.770172591 3.458237854
-12.343310254 0.625050972
10.382981241 -0.523013405
19.322083719 13.234325158
6.006126984 -14.897338010
4.994326094 16.184953282
-17.194675746 8.097397337
-5.913611912 -7.057939574
-1.550912663 3.489806441
-6.080470400 6.103326308
-7.171833837 -14.021542506
-19.501656481 8.771907337
-13.600412096 -15.770268398
4.665838359 6.512675648
-17.965843468 -2.349963777
-10.795578883 7.878277685
-8.251933643 -6.852864837
-4.882191764 -10.688139018
-2.879562049 -11.829769090
8.676376642 -5.451194703
-17.961967685 9.578507165
-12.306365981 -15.058863638
2.822017241 1.368742844
2.822017241 1.368742844
11.519818031 -6.073013937
4.613677260 3.312437458
5.425087241 -1.264208328
-0.025607805 18.081932366
-10.204703192 4.812865210
10.471809575 13.498086747
12.585736136 12.621213191
12.538277518 12.651567206
-8.247880972 -6.857798017
-6.090011629 16.753953654
-6.090011629 16.753953654
11.995006599 1.573009798
-1.726768204 3.388338679
-9.337140467 -12.668116408
12.440393123 12.701168569
2.819552562 1.424192667
10.778795735 0.167073458
-2.356217494 3.593117247
-12.725521405 -4.747857087
11.307880292 -9.439719998
-2.134337914 -13.755636885
-0.227574709 18.182447143
-12.018658326 -2.244876393
14.592638413 -5.876270005
-16.546409131 8.278294049
-10.321369384 8.207110578
-9.832216974 7.972387706
7.622162838 6.970114983
-8.762792659 16.441315753
4.847074276 16.188021004
-12.923988100 -15.798063115
-5.201345652 9.998777123
13.668539885 5.339159371
10.858222062 -19.716614500
14.407345098 -11.601904509
-18.121529860 -11.222977389
9.463916781 8.007122696
-14.900428731 11.878690766
-10.447234658 -14.776244929
-2.356634607 7.418129089
-17.735378979 -2.169297175
8.675142967 -5.454716267
-12.725521397 -4.747857091
-14.413445253 -10.318628660
-18.491141375 -7.302727114
13.092401435 -7.875146227
-12.337197622 0.607444110
-18.033830574 9.592830900
10.868594453 0.510549767
2.002415996 2.790760463
9.938641080 -3.873839397
18.315124725 13.083718181
-10.129301980 -6.450838208
-14.103735765 9.541715849
-14.434082457 6.363624822
-8.123633467 12.582862907
-14.959715520 -6.252966375
-0.719726282 -9.389014621
11.074114304 0.567456108
15.841633496 -3.396823212
15.841633496 -3.396823212
-3.423411107 16.234058055
19.181252325 16.775875015
13.513216243 5.183283809
-17.904433794 -1.201165051
-9.711057092 -2.201550019
-17.904433794 -1.201165051
-14.841585752 -7.480342011
-14.899536310 11.881712271
-16.550551542 8.277987393
-2.134337914 -13.755636885
-9.711057092 -2.201550019
7.747191879 18.707676126
7.747191879 18.707676126
2.516237541 2.515287150
-6.917971900 2.238921807
-6.764669904 2.163737287
-6.598535734 2.219184843
-9.280420286 7.952800981
-16.515743633 6.076780633
-5.548475634 -6.874214471
-2.047372322 -9.676631112
-16.646715024 5.675406613
-17.105921241 8.111530427
15.990132279 3.748874096
16.679029198 4.413623573
12.394305841 -3.623556293
-18.142365369 9.218430425
7.765466636 18.746494815
-8.899009318 0.622621175
-10.795578883 7.878277685
-17.846766461 8.372591019
-14.097980867 9.545920685
14.216421846 -2.111136182
-10.232203778 -16.219179461
-13.915816982 9.344408214
-2.160484911 -13.678657697
-10.322345065 8.208117907
-2.134337914 -13.755636885
-10.306324053 8.202923592
18.423478345 13.150007902
8.663931768 8.633990519
-6.511274695 -16.582359437
2.822561182 1.368705124
15.145446444 -4.525913488
2.819837855 1.424187992
1.616571602 1.228355785
2.819393320 1.425749859
2.838693589 1.424493638
2.819944383 1.424702283
4.021185703 1.181645451
-12.721970574 -4.714534424
2.820092780 1.424162625
-7.709719052 2.707135683
-7.711243550 2.704992007
2.925321406 9.534356608
-20.121013712 10.142100500
-1.415939320 2.956909853
-12.555433184 -5.977541501
-0.176850450 -14.682924409
-6.138331610 -15.944659032
-2.423956308 7.383843607
5.313104196 -1.725936019
-15.647102990 2.336216281
-4.509043480 -5.006546182
-14.413445253 -10.318628660
5.539586846 -2.028555493
5.312231188 -1.738745823
-12.218206789 13.881538079
8.420100473 13.830969928
8.671749364 -5.434838890
7.747191879 18.707676126
13.625462445 1.031229929
16.523783487 1.132670943
2.167834607 -6.973577854
-6.444384560 9.456077870
-9.958343860 -9.509463206
-12.014221724 -2.244860037
-6.389810344 -6.324800652
-11.848670362 -2.618657639
17.573046093 14.771510463
-12.555433184 -5.977541501
-7.165197504 -14.058017038
13.486780738 0.978269496
-12.555433184 -5.977541501
-7.640340017 0.753624150
-17.257946764 -4.033942055
-0.175816496 -14.684044551
-4.421100860 -16.467039113
-4.726729424 -17.767092520
-0.718260001 -9.387801838
-11.401903712 4.423072196
5.308355314 -1.726855702
-20.618864270 -3.309503894
-14.940633409 -6.249585477
-14.940633409 -6.249585477
2.169220262 -6.964232379
-8.515778476 15.984027959
-9.368397380 -12.698114696
8.652920531 0.858507947
-7.295308975 0.479221071
-6.490395899 -0.793058943
11.854926219 -7.715302519
-6.421486674 3.631738739
-6.421486674 3.631738739
-13.817094276 9.290009196
-10.319609643 8.197895252
-5.231606384 -13.105041642
-9.719827104 -2.194392569
-12.921731262 -15.783075965
-16.787360021 1.009185213
-1.076400041 -5.294195267
-3.308391213 -4.434022956
-17.807376745 -5.211124811
5.994412731 13.578270389
-11.804493521 -9.135552232
15.747448488 14.904562493
17.243650697 13.649927074
-5.195658403 9.981102601
-6.839361269 -10.296734061
8.584721929 -1.084004960
-2.652715426 -3.234209517
14.828885118 7.078427525
-7.198002298 -17.800091129
-7.569102653 18.283057536
-6.080951066 6.104253346
-1.287077939 -9.796489562
0.136161577 -7.494345153
-6.071460730 6.081508680
0.334217844 16.543179608
0.334669190 16.554056235
4.606717102 -12.461126585
5.374184205 -1.880499940
-1.132152249 -7.685071925
-5.654395563 14.938637930
15.469071331 4.317565967
-5.210204729 9.984358661
2.167834607 -6.973577854
1.835757362 -5.549989928
0.136161577 -7.494345153
-3.455826178 -13.398635662
-14.359455406 -13.918817972
9.401461408 9.168525442
-5.198077596 9.973258480
7.801486185 2.071093763
-9.084409463 12.157894826
-8.440594014 12.428384955
-6.776848819 15.862760901
5.243297320 -8.337574264
-22.383505465 -5.987065732
-22.383505465 -5.987065732
-19.584881926 6.747779885
-2.409989026 3.507661462
-14.604649066 7.714373243
-16.787360021 1.009185213
-8.122055007 12.585552932
-18.479053310 -1.547112984
-12.244164765 13.897372892
11.075701780 0.567522825
8.769705242 0.848286717
5.308723451 -1.739150943
-1.531204670 5.519194357
-9.543742719 12.071396437
-10.316749367 8.207045705
-7.418387533 -8.000932112
-9.649690790 -3.637250441
8.677498956 -5.454930305
4.069234915 15.871778235
-12.922795847 -15.795314446
-10.820801880 3.073391883
8.100582218 -18.052514484
-7.730983633 18.316658576
-17.845047483 1.900860941
-2.086503712 -8.428632727
3.818739537 12.806148025
1.618399152 1.227605107
11.442852534 -12.505071060
4.802874706 9.309221592
4.665838359 6.512675648
-11.867379631 -16.194930968
-5.121165197 -13.683396946
8.374360866 6.024021057
-3.277235267 -11.231215630
7.074694861 -9.414995152
-1.883303789 14.733624516
10.471809575 13.498086747
-11.767344401 -2.720497503
12.611938549 2.346444205
17.150057824 14.731565083
-19.032822559 -6.941594015
-13.601691079 -13.159641579
-5.286691907 -5.076883443
-0.829257477 -13.833709376
2.959938740 -14.701564438
-14.393145041 6.353422817
-3.277235267 -11.231215630
-0.034564327 -1.707147051
-16.728884006 5.932288450
-2.510502820 3.748718293
-0.049822326 17.961869647
-14.359455406 -13.918817972
-5.185461899 -0.567889235
15.908426624 12.643607327
-2.356634607 7.418129089
-6.018298834 14.140546114
-2.990990745 2.333864978
10.648681981 -19.702284236
-16.498409659 -7.799319978
1.259508763 10.484286040
11.919914412 4.643348321
-14.091570351 9.541745300
6.611479906 11.384451508
13.807578938 16.580596991
-10.066193329 -16.132494677
2.168142311 -6.969921535
10.475916779 13.503333509
-14.061648141 -4.354501504
13.813847433 16.574869509
13.083428678 -7.873459913
4.830743473 -1.742972157
-16.503890308 -7.805681622
-1.531559665 5.515547741
17.425671039 3.093705563
8.667474447 -5.439646027
-0.032774284 -1.707812727
-17.728788189 -0.702319825
3.379930778 8.335745752
14.089883515 -11.545014106
-0.032410427 -1.707767268
16.523783487 1.132670943
5.493110443 -3.413829917
-9.928809903 -9.529742862
-21.062156527 -3.186028886
1.008042446 13.426026335
-11.901990388 0.186796179
-17.576723320 8.210128804
3.821340297 12.812399119
16.531838729 1.250459452
5.364368741 -3.460507026
15.218761020 4.144218278
14.255401722 2.462583568
4.954989435 -5.745316287
-5.195658403 9.981102601
-10.193762872 -6.423810019
-8.234541583 1.023858507
-0.714134052 2.553371661
6.599911776 11.474555740
5.504911661 10.835506276
-4.978670046 -13.333027885
16.296298559 -5.200589982
-14.342187729 11.692986010
-11.633276942 -15.682103414
2.959938740 -14.701564438
8.387177154 10.330599172
-5.152968853 -0.527908767
0.008023042 12.575625727
-0.460042713 11.693901982
-0.040273742 18.259111317
6.228903237 8.781543124
-3.690855710 -9.567044133
-1.129748503 -7.685238656
-1.340969837 -15.789941519
1.010913698 -2.982159242
-1.359755433 -15.785085839
-10.438420454 -9.132887864
-7.294891437 0.477688231
-13.752007527 9.401904680
-0.106424333 4.498684459
14.312744328 -2.043211041
-10.360921737 8.375589920
16.053287782 12.610847441
18.031637569 12.909207414
19.065522098 12.763530117
18.852670543 12.274065871
6.316503525 18.773465786
16.564831001 1.217900080
3.296034818 4.916646568
-0.214725429 -14.688103481
-15.654992160 -4.914617155
19.322083719 13.234325158
16.366699639 5.264333834
2.167717824 -6.972442234
8.437912729 13.908780272
-9.105826942 -3.581299152
-9.358567511 -12.701091011
-10.875809059 3.120467316
1.618405499 1.227543908
0.007062305 12.593840230
7.864513337 -8.839427288
0.136040312 -7.495020845
-5.590729470 -6.776612047
9.245304316 9.844443281
-6.633816996 -1.170773145
-3.560604421 -1.905522286
-11.940415052 0.216457594
-9.190823102 3.192823458
-22.278692609 -5.958121660
-7.089725062 -4.512500272
-0.888296575 7.467806719
-8.900790646 0.623376701
6.313491410 18.771711666
-6.080734764 6.104952814
-17.904433794 -1.201165051
13.490173185 -5.765488847
-6.640576838 -3.267169054
8.667474447 -5.439646027
-16.513855697 6.077581393
-12.555433184 -5.977541501
-11.770526995 -9.191338571
0.547147330 -12.502913813
-0.790849071 -14.010579713
-0.894398689 -10.103769332
-15.891382082 6.569933586
7.424934502 8.417718958
-2.710121896 5.798554988
-1.380627705 -15.891215363
-0.827053056 -13.997868787
-20.114832664 -9.630152777
-14.405090265 -4.439692534
-0.244192534 -2.491422530
18.887788714 13.376037799
-4.745460888 -17.727407131
1.482626841 1.296253015
0.576362513 17.488042054
-10.319970626 8.206851713
10.648681981 -19.702284236
-9.649690790 -3.637250441
-1.726768204 3.388338679
-17.852886992 1.901253207
5.311208640 -1.727131742
-9.643523980 -3.645380153
9.948482477 -3.879926430
-10.330669488 8.206236112
14.754386846 9.330911828
19.146915442 16.813597091
-5.674442885 14.944609675
-1.119743474 -5.291973120
18.147881614 13.078981009
3.483734992 -2.904342915
-0.797834788 5.009655385
0.006972946 12.593613196
-8.796065182 0.654421490
5.435064622 -1.265372935
-1.697091642 3.421438030
-11.992784849 -13.275021537
6.316288120 18.763888293
1.616762323 1.227977521
1.240367868 6.681663778
-6.152361040 -17.404733290
16.011428525 1.418301392
4.138873258 -5.073809465
-19.895625907 -6.227612332
-3.690855710 -9.567044133
-0.714317990 -10.441551887
-4.164432715 -6.220545487
-17.341048949 8.357627267
-16.137016277 8.253961871
8.579396250 -1.083884173
8.579396250 -1.083884173
-8.097663205 5.941315239
-8.108313984 4.217933832
8.374360866 6.024021057
-11.851416595 -2.574517528
-0.718260001 -9.387801838
-5.674442885 14.944609675
-2.040927604 -8.437555183
-8.499914895 15.963694983
8.622437233 7.831125892
14.399587233 -2.028072239
-10.442030603 -8.891910784
-0.889570410 7.471402070
18.146542765 13.080950788
15.672987954 18.429745396
-11.866892532 -16.182980454
10.847672319 0.503937531
-17.709712120 8.270266690
13.112068149 -7.878918463
-20.089564533 10.135638859
-5.413967736 -12.778339092
-11.754075120 -9.187548941
15.749329425 14.918240699
5.006852452 16.152877775
4.648195937 6.533335704
7.866897207 -8.842293466
-13.601691079 -13.159641579
-2.228066514 4.811202762
4.863232038 -5.677466196
16.835987724 4.127779955
14.388894030 -4.763193853
3.818276825 12.805265046
8.679881934 -5.454977311
6.611479906 11.384451508
-12.923988100 -15.798063115
15.236405456 -11.361464968
-1.714317969 3.455202137
2.167717824 -6.972442234
-1.371351614 -15.610287053
0.136161577 -7.494345153
-1.119245162 -5.291577264
-4.164432715 -6.220545487
-8.758892106 15.959210643
13.112068149 -7.878918463
-18.562045600 -2.046709463
-16.995942381 -5.549348244
15.902883253 12.643237261
6.570881098 1.811603161
-1.531202495 5.515255838
-6.738348031 -1.344722197
12.581398609 12.600256024
-14.710625239 11.795920199
-11.937964126 0.216680837
-0.850516518 -10.136628138
-10.722612076 15.979991788
-0.608875858 17.384356521
-1.714317969 3.455202137
-2.155993106 4.839671476
-4.164432715 -6.220545487
-11.640592006 4.577010010
16.523783487 1.132670943
-17.595036749 8.210926472
-2.495030828 3.741580673
-4.783435847 -15.866652564
0.195516745 8.142611416
4.762161971 8.234329237
14.100248747 -4.319570146
8.795735440 -4.606522126
6.042750310 -14.878648722
17.423876201 3.093835940
-12.555433184 -5.977541501
-7.158679414 15.095926289
-7.656432514 18.348928336
5.490022202 -2.414048692
4.852733542 -9.716267475
-20.070331950 -9.625919800
17.470403425 3.153713734
-0.462579688 11.421287617
2.819519321 1.424168932
-20.121306902 10.136267264
6.461099156 -17.797292395
-12.227874119 13.881593033
-8.072901866 1.813744825
13.678795509 5.343041601
-4.501652502 -13.318591424
-8.099483739 1.722161168
-1.126807980 -7.684411136
-14.543833788 -0.816678055
-1.428685174 1.723515308
1.460999902 12.365171153
-19.564227148 -0.537963348
-19.564227148 -0.537963348
-6.152361040 -17.404733290
0.798806613 13.104289138
-1.714317969 3.455202137
-8.138061845 12.576198756
-10.823794413 15.539089808
-10.828949087 3.078751677
5.558956393 -3.520442048
14.252244539 2.462636512
-17.888824631 -2.277640792
9.817722797 3.402559025
-9.528231775 12.236023543
-8.358691580 16.031920892
-17.735378979 -2.169297175
-19.425109203 -3.665938710
-11.888610005 -16.106319945
2.192498523 11.124641932
2.235485584 11.226321823
-7.090594684 -4.514301046
-10.745308959 14.969324947
-19.886726246 -6.223756123
10.802652627 0.203967013
5.006852452 16.152877775
0.798806613 13.104289138
-7.003699557 2.260018707
-20.070331950 -9.625919800
-8.124492184 12.582097244
-8.124492184 12.582097244
5.966053348 -14.957251422
-9.318022851 -12.752854865
-13.678115831 11.492156717
-14.094541808 9.546568906
-16.062824496 10.908450469
-12.218206789 13.881538079
7.128856164 9.636817372
-14.061239322 -4.355951660
3.819527242 12.801407954
-7.550613770 2.519813376
-18.479053310 -1.547112984
-15.369170347 -3.319838115
-4.658422870 -6.172020732
-14.634835402 -0.746450180
-19.442839613 -3.672598418
13.530224834 -3.840424310
-9.131799086 1.510902124
8.697140000 -1.071411049
5.311486965 -1.739093778
-1.109006496 -10.343349065
-0.799292684 -14.016885966
8.579396250 -1.083884173
10.471288109 0.405640030
8.579396250 -1.083884173
-10.196948984 4.809892713
-16.155080606 8.559898653
-0.176434273 -14.664490470
-0.176434273 -14.664490470
-10.328042736 8.210771904
-10.321282387 8.202722623
-17.817319744 1.900852609
-8.465038244 15.953176559
-14.431911552 -10.321627201
17.176933573 -13.921169901
14.171621792 -11.550756330
-5.927820888 -18.273298131
-4.164432715 -6.220545487
8.305620476 11.287120803
-0.223842998 -14.690839381
-1.882510041 14.754430673
-1.340969837 -15.789941519
-0.632765408 2.540419400
-0.032410427 -1.707767268
-16.004944351 8.449905169
-0.034564327 -1.707147051
-0.031423841 -1.707897509
-19.766813333 -6.353701184
6.310114502 -17.570838092
0.051643479 8.386602802
0.051643479 8.386602802
-12.072955307 -12.422765441
-6.846476800 1.438535421
14.252244539 2.462636512
-3.026733697 4.043075264
-0.204302527 18.146321949
-9.861822499 2.875071314
11.860177242 -7.716791966
-2.356217494 3.593117247
-0.864797353 18.426568787
1.010447541 -2.981539185
5.311702830 -1.737430045
5.954688932 7.272448167
0.144912371 -7.490752336
0.136161577 -7.494345153
0.136161577 -7.494345153
17.750809453 11.846920910
-12.879438487 -15.677996243
-12.913503986 -15.797483054
-3.892355932 4.351585890
-5.924111433 -15.811051836
-18.070296770 -1.802471512
-14.399600183 3.540354019
15.674566306 18.432346866
-17.225516854 -6.531938436
-0.895935836 -10.112232238
-1.490036838 -5.310863131
9.393050633 -3.499709355
5.309915774 -1.736979339
-16.647317190 8.073154254
-16.524291614 6.081767151
-14.799553336 11.820236260
-10.217425445 -16.225784250
-18.503629984 -7.299349236
-3.957094954 7.017479267
-16.194599329 -1.696248961
5.242365635 -8.341310891
-6.081353271 6.104639893
2.167717824 -6.972442234
-5.728745019 -6.967434188
8.676376642 -5.451194703
8.437123523 13.898051016
8.112827398 14.836911075
8.437574267 13.883131678
0.547125191 -12.495784338
14.388894030 -4.763193853
15.666067741 18.404706112
15.662754624 18.421517661
-19.574888253 6.678058728
-14.481383030 6.417573533
-15.369170347 -3.319838115
-13.145263847 -16.384310409
-12.805763844 -15.505678381
-17.888824631 -2.277640792
3.819378820 12.801375278
15.674943392 18.433077234
-0.106494560 4.497681243
8.622437233 7.831125892
6.228903237 8.781543124
-3.309639475 -4.434170597
-7.423412031 -7.989964324
19.322083719 13.234325158
18.776292721 13.088392306
15.944257331 12.632804082
17.948744671 13.011947445
7.540756157 8.109544010
-4.164432715 -6.220545487
-19.557581426 -0.538463157
-19.557581426 -0.538463157
3.379930778 8.335745752
-11.729771970 -0.468500470
8.675142967 -5.454716267
18.261783137 13.138067326
8.681246908 -5.454656512
-9.099342327 12.385294431
16.564831001 1.217900080
-10.060747577 -3.939382264
7.846107125 -16.433142373
-7.963678932 16.430725847
-14.085865791 9.541369247
1.010904425 -2.982214871
-5.198623960 9.999109335
1.687930248 5.447339869
-10.132284829 -6.453153611
14.593602008 15.139954376
16.600350216 13.196710540
7.698872274 8.301357635
-8.740792475 -5.062110324
-8.740792475 -5.062110324
16.787542253 4.145540057
17.436372820 3.178556813
-9.811423431 7.972457823
-5.185488782 -0.567766387
-6.444384550 9.456077858
-0.894398689 -10.103769332
-14.359455406 -13.918817973
15.944257331 12.632804082
15.944257331 12.632804082
-11.491285878 1.564079135
-0.025607805 18.081932366
-11.030166538 8.696099938
11.767962128 3.283242209
-11.971938572 -9.173628414
-9.468443693 1.409737255
10.050786316 2.582517858
-3.421885750 16.230867506
-12.923988100 -15.798063115
9.938641080 -3.873839397
1.867655117 2.950741975
-7.633213884 18.275574161
-12.214524605 13.873890036
-2.677810219 5.813478018
-2.677810219 5.813478018
1.835757362 -5.549989928
7.579168838 8.899213178
-8.095886517 5.942563587
8.112399221 14.830851145
-8.088262378 5.913433645
8.111957934 14.791501832
3.820782884 12.770908195
-21.168881775 -8.208190714
-10.191713368 -6.423811288
-10.409556142 14.946887690
-10.729043963 14.971872369
13.126471499 7.754775242
-11.672600492 -2.816552263
-11.760189255 -2.731149121
0.053284977 8.427995676
-15.233619879 -4.722260019
6.957315885 8.392813656
17.436348281 3.178402087
-10.482755993 15.003878033
-20.115990002 -9.622910606
-18.589901467 -2.333147407
-12.977344458 -6.838499309
-20.072440088 -9.632416964
7.579168838 8.899213178
-16.328539208 -6.096362653
-19.564227148 -0.537963348
-17.076158677 -11.699802803
7.193295310 8.522064291
7.678671259 8.002948678
8.298533989 11.292328730
4.737860893 3.332084926
-0.175816496 -14.684044551
6.482601043 6.513663084
7.056885636 -9.392213440
14.621025650 15.157574827
0.231314320 17.974842955
-16.497313599 -7.801994210
-10.129301980 -6.450838208
11.901005671 -4.204442218
-14.489704971 6.412497615
-17.882423341 6.288652321
-17.309972316 -5.475023317
-9.928809903 -9.529742862
-7.171833837 -14.021542506
-10.818286729 3.061698066
8.566684803 -4.054983055
3.440126394 6.687098214
8.967206007 -6.139086726
3.313444294 4.917473952
-9.066403513 0.820520068
-18.486376850 -7.294867424
8.298533989 11.292328730
-4.687682443 -1.550924092
-20.121306902 10.136267264
11.459124779 -14.056524752
1.033425329 18.210377475
-2.878504766 -11.830559360
-18.486376850 -7.294867424
-0.487132490 -13.202547145
-8.072901866 1.813744825
-7.171833837 -14.021542506
-14.558734180 -4.472616088
14.537339022 -5.771513615
-3.693902518 -9.573060532
-0.427266743 11.726107708
0.006972946 12.593613196
0.006972946 12.593613196
5.333440214 -11.684280012
-10.739423242 14.993474886
-12.227874119 13.881593033
-11.640592006 4.577010010
-1.126807980 -7.684411136
-4.835773226 -7.008521223
4.861678026 -5.674813000
7.056885636 -9.392213440
-17.947371151 9.649401029
-14.743096267 11.833203023
-1.491253310 -5.311381066
-0.895935836 -10.112232238
-11.460881393 -15.133034013
13.675239842 -5.030409280
-2.970251951 4.005595832
10.371007342 -0.502216773
-1.057040973 -7.608470820
1.618537293 1.227681193
1.482599975 1.297316046
3.295957108 4.916564468
-16.230642826 -1.732581291
-10.866671561 3.114055902
-7.781412481 0.825830899
-16.230642826 -1.732581291
10.463396873 13.491672506
14.097082533 4.374664109
-12.879438487 -15.677996243
-11.070258572 8.544716481
11.919914412 4.643348321
-6.598535734 2.219184843
3.295957108 4.916564468
-17.792550077 1.918046852
-8.711943721 0.557053922
6.599639583 11.480046856
7.161760955 -9.535628236
17.332077893 3.012084906
-18.068023506 9.332128651
14.340703804 -11.596235502
0.292077355 17.920094596
0.576362513 17.488042054
14.738131167 9.344673649
-14.429647131 -10.325210571
7.083482955 -9.383186667
-4.268729024 7.517921491
14.724517517 9.329679292
17.251243210 14.684138886
-6.079000768 6.103508923
-16.497313599 -7.801994210
-18.489937104 -7.294065410
-18.113813001 -11.077163103
-17.079023805 -11.691091128
-17.038854190 -3.282103334
-16.498494645 -7.803141580
-17.735378979 -2.169297175
-17.735378979 -2.169297175
3.819682362 12.775327130
-14.633505116 -0.745757141
7.471069730 12.323357541
-16.498409659 -7.799319978
-4.745460888 -17.727407131
-22.405202558 -5.979024698
13.083428678 -7.873459913
9.692139510 5.310574282
16.933222878 11.626710504
-10.115304764 -13.976027458
-11.677855755 -15.729541948
2.516324287 2.515304397
-18.109043068 -11.214985299
-0.031774585 -1.709811469
1.835757362 -5.549989928
-5.654713063 0.955792178
5.983306649 -14.926567344
6.957120665 8.386423208
1.697339359 4.971643903
3.291301442 -11.382093929
-0.809943124 -14.053158241
-0.244192534 -2.491422530
-12.166027432 0.428399087
-0.011655063 -5.525545704
16.163108872 3.677546145
-6.760482724 2.161952954
-19.994170235 -5.914587316
-16.439286506 -7.679037482
-0.856217209 -0.683297746
-3.422901152 16.239901444
-5.120303255 -13.683233452
8.662707268 8.628213845
8.662707268 8.628213845
5.000184580 -5.783082327
-17.215958069 8.101565924
-14.091570351 9.541745300
-16.091170042 8.393041255
-0.567958276 18.203478087
6.387160416 18.863435012
-3.422956683 16.244683802
-3.177601949 16.145532256
-3.385875452 16.231852602
-2.657232202 16.571467788
-0.087330228 17.896923109
-1.340969837 -15.789941519
17.367860115 2.981862530
-22.380618650 -5.987211562
-10.729043963 14.971872369
-7.158679414 15.095926289
-7.569102653 18.283057536
-16.498409659 -7.799319978
-6.725623246 -16.974280626
-3.722797761 -13.070528953
5.190818545 -11.622831665
-5.208265469 9.982434297
-8.524761532 15.966594649
1.697258347 4.971241895
-1.119411020 -5.291978815
2.167717824 -6.972442234
-9.020376447 -12.368246844
1.645693448 -3.024626462
-7.090594684 -4.514301046
-7.090594684 -4.514301046
-5.588308061 -9.954183208
-1.112280273 -2.168328430
6.570881098 1.811603161
-13.314393037 -14.675529046
-3.004236621 2.313740955
13.115157725 -7.869394240
14.669024484 -3.428853993
18.485729843 13.114980009
6.585248924 11.389996766
-8.503722008 15.973477282
16.907729858 2.180550190
16.372204288 5.264365059
9.485530676 6.520917432
-9.647837978 -3.645330474
6.917765339 10.389937311
7.059292271 -9.388785142
5.659374540 13.614832101
-10.837203243 3.149350773
-14.940652104 -6.247754767
-12.786022314 -15.484611333
-16.944223893 -6.969472844
4.071494437 15.867920833
-17.904433794 -1.201165051
6.583224113 11.388972434
-15.369161049 -3.319541011
-1.726768204 3.388338679
-20.123929282 10.142435476
-16.555580516 5.706497934
-16.095433851 8.694620460
1.697371276 4.969274136
13.490173181 -5.765488840
-0.719459408 -9.394087087
14.724517517 9.329679292
6.482601043 6.513663084
-7.229570561 15.119989093
-0.182931108 -10.306652173
3.379930778 8.335745752
14.675244985 -3.424197324
-17.118102886 -11.682753088
8.675142967 -5.454716267
16.984609754 10.837560005
-12.958827548 -6.844103850
-13.618321146 -12.996312585
18.887788714 13.376037799
3.088247268 -16.530822788
3.199614968 -13.842698022
19.088088260 12.287849504
-13.145145239 -16.381907187
12.146492433 -5.323636354
8.492467185 -4.209926537
14.309268580 -4.777691643
-2.654348291 -3.204579711
-2.624353685 -3.130970900
-1.714317969 3.455202137
-2.510502820 3.748718293
10.607931962 1.055793953
-9.584180463 -9.012739535
9.938641080 -3.873839397
-4.164432715 -6.220545487
-6.152361040 -17.404733290
6.296894434 18.804120717
-0.956438822 -10.178464042
2.166292012 -6.967187640
14.309268580 -4.777691643
-7.573856268 18.330868838
1.835757362 -5.549989928
-8.475846213 15.944384848
-7.633213884 18.275574161
-1.340969837 -15.789941519
12.534823815 12.495261107
5.991447807 5.496537882
2.960027621 -14.700192901
0.768770359 -1.191307223
-12.018658326 -2.244876393
1.010447541 -2.981539185
-10.809728627 13.666946811
14.399901733 -2.028335282
-1.882821486 14.729642232
-0.797750111 5.010180047
5.996685360 13.594623394
-0.026544926 18.072563892
4.613776353 3.312296479
14.700292433 -3.424107598
-9.959151385 -9.499949078
-10.313663169 -9.205646859
-10.882764588 3.099846922
8.733668520 -5.996348485
-0.894398689 -10.103769332
7.085321460 -9.424930002
-16.230642826 -1.732581291
7.471069730 12.323357541
3.818704712 12.810474138
13.095788755 -7.873144835
-16.653046915 8.071773171
-0.390236694 18.285650534
15.871654359 -3.362679033
8.868486983 9.763216824
0.006986950 12.591802842
7.757732138 -5.371213383
8.678783767 -5.453929114
14.392601123 -4.764383011
-11.654641098 0.043487178
-11.491325122 1.563081522
-17.888824631 -2.277640792
7.337536826 7.994602963
4.581188813 -2.299751761
13.079172806 -7.878949166
8.673258175 -5.452887961
10.182639965 -4.738274446
9.938641080 -3.873839397
-8.524401161 0.670911054
2.002411343 2.790924194
7.973503037 -8.788298549
5.397928170 17.200232396
5.996685360 13.594623394
5.241692246 -8.338659116
10.005787497 -4.267632519
-16.024321790 7.980756012
4.993928027 16.185532949
7.797389005 2.071121013
9.521118797 11.941987374
4.830014171 -1.741779614
-10.240825608 -16.237919354
-20.114263904 -9.629456921
19.190630999 16.783958091
-8.744115086 15.913759690
0.052901803 8.426605543
0.053284977 8.427995676
-0.383698175 18.261525643
-7.963678932 16.430725847
-15.899211787 8.145837236
9.804258832 -3.602037852
-9.655892776 -3.641840611
17.825279165 14.405649285
12.465979592 -3.672631651
13.856608512 4.486685303
-0.226556101 18.182630532
-9.791446358 1.115486792
-9.777359526 1.036248964
8.736152292 -4.442059343
-6.803975070 -18.156242251
-2.655377910 16.593710898
-2.654076462 16.608173271
-8.153289012 -2.709295187
16.785459190 0.771380240
-18.122989869 -11.226977171
-12.587597100 2.385677082
-0.032410427 -1.707767268
3.487238907 -2.904453743
-6.202480167 -3.117416581
-7.474941882 -7.979734401
-9.537421313 -6.843720597
-9.128659408 1.513050449
-1.455117932 -15.715882200
-0.554315243 18.346922454
15.841633496 -3.396823212
-16.439286506 -7.679037482
-17.235241159 8.083224362
9.715412357 2.749302954
-0.182931108 -10.306652173
-0.176974467 -14.669620237
4.648195937 6.533335704
9.246242910 9.847750316
4.994326094 16.184953282
7.423194747 8.424383828
5.374250497 -1.880009084
1.010942005 -2.980410776
-0.050333407 17.955913891
-4.778818054 -6.188658258
-2.080675577 -8.428577080
5.995344042 13.585930487
-19.582650549 6.747692409
2.084282764 -3.870035249
-1.616764145 3.045657168
18.867664904 13.300218316
-16.498409659 -7.799319978
-0.509459615 18.293665117
-10.319970626 8.206851713
-8.655010872 15.815696488
-8.560321366 15.872183729
-17.077310725 -11.699953488
2.880615246 10.849820333
-13.831918922 9.428882903
-17.020760618 -11.733932773
15.838531848 -6.263485592
-9.444488275 -0.858647955
-4.076606732 -12.178862088
17.352559715 3.017800263
-14.064374589 -4.356500280
11.438017234 -14.059501421
-3.912733511 -0.010189519
14.399901733 -2.028335282
0.955598907 7.345781956
7.074748694 -9.417052717
6.313282277 18.752213222
-7.417093159 -7.989443501
10.873751942 -5.821897355
1.482599975 1.297316046
0.053065397 8.430713285
-5.610584668 -10.037498200
-6.266913437 -3.127239323
5.615783030 9.668667382
6.081818708 18.412013850
-21.076891842 -3.185598366
-18.070296770 -1.802471512
5.995344042 13.585930487
17.150280623 14.724730479
8.784627432 -4.601854347
8.435656457 13.920972104
8.667474447 -5.439646027
-10.112801679 8.601550051
-6.720950930 2.280738676
-6.720950930 2.280738676
-12.072955307 -12.422765441
-0.817589659 3.811783987
-1.889197697 14.739807804
-17.799873642 -5.210986233
-6.839361269 -10.296734061
16.923167174 2.179976920
8.436544354 13.892304907
-22.380619136 -5.986732068
-10.203083977 4.815118707
-6.415815770 11.918739481
17.573046093 14.771510463
-2.224760417 4.813062370
-5.202383172 9.995870234
4.580423213 -2.300826486
-16.589206081 -8.167266278
-4.143984086 -12.128463921
7.425351369 8.424588755
-6.267065178 -3.129800882
-14.640027227 -0.745764016
-22.380619136 -5.986732068
-2.670996740 -3.217503935
12.042925461 -4.936339333
13.602991216 11.103767319
-5.178134604 -0.568084553
6.083953114 18.383448181
-3.559320318 -1.863337336
2.475000458 7.905702063
-1.714317969 3.455202137
5.351165215 -1.794700288
-6.854852343 -10.279896529
-0.817589659 3.811783987
-12.974614981 -6.836817478
4.138302351 -5.074436255
-12.072955307 -12.422765441
-12.072955307 -12.422765441
-6.242936718 -6.387215181
-8.476856697 -15.981232665
15.680587486 18.420013276
-17.060107616 -11.692713388
-12.555433184 -5.977541501
-17.973108388 -2.350818578
-12.908356815 -15.803485647
-18.458553263 -1.544896315
-12.786022314 -15.484611333
-17.903013103 -1.201367825
7.554568497 8.348387533
6.228903237 8.781543124
-8.636308673 15.907104532
0.135705808 -7.494000839
-4.595563116 9.994734565
17.416835924 13.392821346
-0.758437030 3.850986070
14.043597834 -2.195481114
4.454078785 10.099898403
-18.112179194 -11.215459661
-2.138035941 2.885821352
-9.732930102 2.698778055
-8.276088694 0.277885484
7.058868151 -9.393954044
-7.093688395 -4.528875677
9.715412357 2.749302954
4.189076500 -10.788615302
17.336687052 12.421131625
15.295333296 14.374323942
-1.889197697 14.739807804
-20.107218755 10.141610786
8.436544354 13.892304907
-10.599243186 8.592059037
-20.107218755 10.141610786
16.835365043 4.122273431
5.947736159 7.131151268
-0.889627829 7.473619562
0.289520846 -2.746678968
8.682173680 -5.463549688
-2.228246651 4.810065142
-2.510502820 3.748718293
7.059292271 -9.388785142
-8.035983305 18.251693382
7.059292271 -9.388785142
-7.294891437 0.477688231
-9.069049011 0.821494813
8.622437233 7.831125892
13.766205122 5.142147536
6.957120665 8.386423208
15.161883677 4.255227018
3.821334546 12.781379875
9.511197159 11.942256073
5.670818201 13.621496278
-18.029583061 9.538111195
-8.727368977 -5.109060100
3.296561433 4.916533492
-7.094366619 0.024501830
-7.580221593 18.312103174
3.819682362 12.775327130
-19.995309642 -2.389036055
14.224960108 -2.111090133
-0.719827864 -9.387086517
-18.109043068 -11.214985299
8.677586214 -5.451110863
-12.340659795 0.615191196
1.645693448 -3.024626462
5.425087241 -1.264208328
-12.697916641 -4.905816502
5.664415523 13.624628567
-16.555580516 5.706497934
10.590075915 1.067462918
0.966155790 -3.018939320
7.847567443 -8.853943140
5.504911661 10.835506276
4.766310927 8.235350650
4.766276524 8.224943798
-0.214256522 -14.686290942
-7.709719052 2.707135683
-4.267861357 7.519245760
12.104787234 7.658815323
-0.946219847 -10.173183501
-2.080675577 -8.428577080
4.591861285 13.660615430
15.637933438 18.343716452
17.552152110 14.636195500
-1.118720774 -5.291836620
13.095788755 -7.873144835
13.675239842 -5.030409280
16.984609754 10.837560005
-4.392267216 9.992610377
-7.341272770 2.619567718
17.203420200 13.752342984
-13.601691119 -13.159641578
11.442852534 -12.505071060
-20.122267172 10.125469233
-10.316856550 8.206789392
-17.952022104 8.307066669
13.664250986 5.342019763
-9.340911234 -12.639832225
-1.258299214 -10.520407532
7.990753807 9.522708306
5.239897346 -8.341068075
10.925814559 0.551177819
11.572385890 -6.089449529
11.308056975 -9.438355349
11.307716092 -9.448327148
-15.368876401 -3.320020987
-8.154996766 -2.712707407
-8.108228377 4.218034750
-8.391943214 16.361848108
-15.103870432 0.165474897
-15.103870432 0.165474897
-15.073813490 0.118742851
8.972073465 -6.150127854
6.917765339 10.389937311
-0.718128256 -9.389252565
-6.776848819 15.862760901
-19.584574703 6.747971866
-18.061567454 6.480982163
-16.035608534 8.438790614
6.443487213 2.044400861
11.857564850 -7.716597029
-9.928809903 -9.529742862
7.683870569 8.007734108
8.677498956 -5.454930305
19.194317918 16.776818716
-12.962325457 -6.830465954
4.800969879 5.474964912
-14.841585752 -7.480342011
-0.011397876 -5.525550768
-0.011397876 -5.525550768
-6.849980679 -10.303428925
-9.191788210 3.193856404
-6.849980679 -10.303428925
14.743863054 9.341373676
0.547125191 -12.495784338
-16.787359012 1.009184662
12.588031804 12.648136157
-9.891202217 0.966957370
15.558459410 2.413509621
16.472884219 4.286321696
17.474228460 3.167128594
5.197763331 1.082539741
8.868754301 9.763361989
-6.652253631 4.343256112
-9.367497489 -12.706628304
11.803804089 -7.702851605
8.659150760 -5.450436864
-5.674442885 14.944609675
-6.841861335 -10.296277278
-6.841861335 -10.296277278
-14.841585752 -7.480342011
10.966035724 1.071012009
10.912638519 0.562595935
10.916831481 0.563745642
-0.032774284 -1.707812727
-0.032774284 -1.707812727
-1.376260599 8.775547333
-16.131949596 8.255122391
-12.962325457 -6.830465954
8.298533989 11.292328730
-20.113590694 -9.626874487
-5.883177530 -7.105425351
7.128856164 9.636817372
7.128856164 9.636817372
5.343818658 -1.793408039
-7.289148189 -17.558364689
13.110841334 -7.881051945
-6.805838316 -18.164140891
3.200603922 -13.838195294
-7.071743983 -17.623928872
-8.054109640 -16.157380863
8.784627432 -4.601854347
-4.164432715 -6.220545487
5.991447807 5.496537882
4.799849056 5.474867484
4.964962139 11.095135252
4.666421034 6.513878170
10.675990811 8.340312267
-3.422674429 16.243745637
-10.851587376 3.118654165
-9.341350031 -12.650206354
-12.129024848 0.388266470
1.010942005 -2.980410776
-1.531061678 5.517566434
-7.121601748 1.106441757
4.455227575 10.100601372
-6.332231141 -16.428042473
-8.095886517 5.942563587
-4.480532168 -6.196471645
12.516963810 12.611022554
-20.070331950 -9.625919800
-20.070331950 -9.625919800
-8.221466868 -1.230825359
-14.841585752 -7.480342011
16.904085677 2.180842089
-12.232132377 13.890893360
-9.060799645 0.822322308
-4.721452327 -10.925949345
-12.214524605 13.873890036
-8.095886517 5.942563587
-0.758437030 3.850986070
-12.584203071 2.387851224
-14.430836354 6.355996719
-12.555433184 -5.977541501
-14.078085730 9.544735166
-19.582650549 6.747692409
10.712433091 -5.012884421
-16.503890308 -7.805681622
-0.894398689 -10.103769332
17.552152110 14.636195500
-14.940652264 -6.247754793
-9.654406781 -3.640276485
-11.503116026 1.547668632
-8.116127628 -2.679311962
-7.158679414 15.095926289
-4.763396189 -13.154109165
-1.013882445 -2.127086980
0.028618764 -13.568035844
-14.634175195 7.725490663
-5.561650992 -9.460136539
-3.956364956 7.017911248
-12.592710967 2.381821793
1.749755844 -10.468168351
-11.752395389 -9.186466350
-2.575649715 12.194922772
7.059292271 -9.388785142
-14.940652104 -6.247754767
-18.070296770 -1.802471512
6.598845867 11.475642306
-16.326963575 -6.096996224
-17.956497340 -2.349796781
7.579168838 8.899213178
7.193882704 8.517713296
19.193436904 16.775678425
18.598338005 12.822668145
5.006852452 16.152877775
-1.726768204 3.388338679
12.234876017 12.022585323
1.033425329 18.210377475
8.437031038 13.911402193
8.437031038 13.911402193
-7.175855785 -14.042932598
7.793605013 18.651883004
-1.726768204 3.388338679
14.840681127 -5.576878180
0.837434317 18.241874177
-4.709662212 -6.178938581
8.420100473 13.830969929
14.415745379 -2.028642418
10.599033387 1.054052938
10.599033387 1.054052938
-4.164923215 -6.223431982
-12.245285882 13.887516139
7.532396861 8.114851251
8.654866746 0.858230286
-10.863646836 3.119799652
1.008042446 13.426026335
13.042523860 5.542996186
6.391511114 18.845277390
-6.152361040 -17.404733290
15.674943392 18.433077234
-8.635582329 -6.108030734
-8.632393114 -6.104414592
-9.126922539 1.513626730
-12.786022314 -15.484611333
-12.235902623 13.884794156
6.583224113 11.388972434
-2.040927604 -8.437555183
14.216421846 -2.111136182
-14.549107374 -4.476387676
-7.201594163 2.341717851
-5.005162711 -13.540927585
-9.510054869 -8.814662352
-1.340729581 -15.808865863
-4.738143233 -13.360577089
-1.110316109 -10.321702851
-1.113756911 -10.335749356
-6.239840114 -6.388315774
-7.121335184 1.106581442
5.993912096 13.567655926
0.768867870 -1.191551860
-5.356607974 -11.755019508
-4.899218926 -10.668198937
-9.654406781 -3.640276485
-7.417093159 -7.989443501
-3.694951373 -9.573981694
-1.430809604 1.723368673
-5.107368430 -3.511569249
-5.107368430 -3.511569249
-12.229054489 13.881346089
-3.817649116 -14.542642884
-12.215385018 13.876208970
-5.929084083 -18.283679948
-16.384454685 10.931616263
-7.175855785 -14.042932598
5.954691252 7.272040234
-3.137982041 5.031593269
3.379930778 8.335745752
8.679881934 -5.454977311
17.565408268 14.647475987
-1.492763399 -5.313844992
-3.904239460 0.004415436
17.123403093 14.811411141
13.095788755 -7.873144835
10.675990811 8.340312267
0.546922994 -12.471727521
7.994952631 9.525561739
6.315679055 18.783039870
-12.576716141 2.384417617
-22.376159184 -5.976610111
-6.239636067 -6.390703508
-13.689877570 11.499789459
-13.601691079 -13.159641579
-14.329589676 -13.846848984
-16.958885745 -6.980041592
13.852431428 16.661954413
19.190748222 16.784903208
-9.366664820 -12.703922542
-6.598535734 2.219184843
15.797005187 -6.267497529
-0.459241312 18.290972082
11.299105113 5.422678789
0.195396666 8.130425199
-0.817589659 3.811783987
-5.373921439 -12.025209821
-14.429647131 -10.325210571
-3.559320318 -1.863337336
-11.765396147 -9.189852708
-12.521494434 2.279777591
-14.488296027 6.416489787
-14.103427700 9.546369638
5.492198010 -3.413843042
0.391851055 -14.541831683
-0.175838833 -14.675669910
-4.713983242 -6.172034069
4.546794621 1.047630302
1.125167418 17.371098687
14.696497934 9.364356489
9.463916781 8.007122696
18.887080623 12.417121634
-6.845904579 1.437134174
-16.267415556 8.689158202
6.948648140 5.700449120
6.948648140 5.700449120
6.948648140 5.700449120
-3.556999523 3.031849842
12.587464589 12.620547158
-10.238725211 -16.252185180
-18.070296770 -1.802471512
5.492198010 -3.413843042
7.892589362 18.706036334
-5.189005584 9.981781207
7.335394392 7.997264973
16.505648616 -4.412934130
13.108276192 -7.881786994
-0.032410427 -1.707767268
-14.386453694 6.349881399
-5.105756099 -3.511596428
7.582780544 8.900575740
-7.580221593 18.312103174
-8.198651539 -11.896710789
-15.732342598 -4.844979174
-17.038854190 -3.282103334
-16.498494645 -7.803141580
-16.053098089 -7.492095561
-3.598521116 2.995083910
-7.223711720 15.119326399
-16.935734034 -6.919569760
-16.935734034 -6.919569760
-6.844318405 1.437250190
-8.106444074 4.215966451
-14.354522173 -13.916419378
-3.502745524 -13.409354467
-1.049420655 -7.611305900
-7.633213884 18.275574161
0.546922994 -12.471727521
2.168812616 11.005141253
13.109907986 -7.882629840
-4.745460888 -17.727407131
14.216421846 -2.111136182
4.606762371 3.311925132
9.517667658 11.938314547
10.726811644 -5.088341674
-12.322674721 3.280520310
10.365349494 -0.510634224
12.164782415 -5.310884947
8.653752925 -1.075501684
-7.339427448 2.623967509
-5.584039104 -6.737685902
-16.230642826 -1.732581291
-1.014021927 -2.125118734
-10.818286729 3.061698066
1.687916588 5.447542684
1.835757362 -5.549989928
-6.360565117 -17.050617070
-5.176040871 -0.567727679
-1.440269180 4.576366445
-11.963272530 -16.359408598
-6.200234499 -3.117307866
15.684433055 18.436224035
18.657795627 13.155954463
-12.311816924 0.890580068
-16.776015231 8.801280215
4.614022044 3.311176484
-13.178258544 -16.422218469
-17.781149523 8.395738816
-17.707659766 8.372758115
-9.008367741 7.997481059
-14.094541808 9.546568906
10.648681981 -19.702284236
-13.145145239 -16.381907187
-9.894442663 0.964433177
-6.886351192 -10.158476227
-9.791446358 1.115486792
16.566135367 1.217851983
-16.004944351 8.449905169
-6.090011629 16.753953654
-3.497819953 -12.873501660
-2.181332000 -13.715777850
-0.850516518 -10.136628138
-10.120382809 8.590211286
4.799849056 5.474867484
-1.145160186 2.501217774
-9.649864324 -3.636239206
-17.871358821 -2.276690375
12.501816847 12.486945809
15.360259905 -11.317594926
6.077495260 18.423463900
-16.808914837 8.061638065
14.341387480 -11.594308709
6.979446371 -9.135190530
-14.290363823 -10.317684758
3.440126394 6.687098214
3.316762174 -13.657456022
-3.720096591 -9.678599923
-6.653220657 4.341973256
-8.206174911 -11.898655634
-7.586535716 18.347295007
-4.958967407 -15.717199479
-6.726042821 -1.346419941
-3.559320318 -1.863337336
14.112841983 -2.154183283
-17.735378979 -2.169297175
-5.211905723 9.213597372
-2.970933463 4.008825065
-0.911541916 -0.634027629
-14.354522173 -13.916419378
-6.152361040 -17.404733290
-19.582650549 6.747692409
-6.425657908 11.927646309
-12.223497788 13.901000686
-7.158679414 15.095926289
-6.031987214 9.336049600
-6.030627750 9.337267767
-8.770078464 16.434338840
-8.523325039 15.842538683
-6.512964544 16.966188576
-8.514438318 15.972319333
-8.517783080 15.748838089
-8.525322385 15.959283214
-5.181620869 9.980176800
-5.206202631 9.995166481
-7.229751651 15.122893817
-12.244164765 13.897372892
-5.843736869 9.169898476
-10.796221318 12.638459267
-10.799470994 12.641239461
-8.127594547 12.573514593
7.538357636 8.108995029
-5.195842131 9.979308057
-12.227980831 13.873734117
-5.395149221 11.046951610
-12.233918608 13.886451706
-7.580221593 18.312103174
-8.036213571 18.255034481
-8.138061845 12.576198756
-5.197564543 9.986394233
-7.730983633 18.316658576
-10.810803667 12.649429675
-2.570255554 12.188953740
13.126471499 7.754775242
-2.570255554 12.188953740
-12.555433184 -5.977541501
13.668539885 5.339159371
-7.094153328 0.022910620
-18.078137577 6.482502986
-20.232632053 -9.784638679
-18.176012664 -2.430205943
-18.176311440 -2.435759548
-9.715368292 -2.199068243
15.673146968 18.420091354
-12.667019901 -15.360667737
14.839328500 7.081706207
-11.036391310 8.692011443
-2.608404926 17.695501432
-0.385361401 17.302895350
-1.885101247 14.737470966
-1.883003972 14.746938445
-0.432959408 18.299268024
-2.641475220 5.144080922
-9.190794603 3.194624617
14.354288350 -4.763086674
0.061991170 17.865116962
-8.106444074 4.215966451
-8.298871800 18.085330821
5.947736159 7.131151268
-16.996159283 8.584356074
-12.018768557 -2.246961033
-13.601691079 -13.159641579
-12.018768557 -2.246961033
-2.958668278 2.339658057
-5.652111773 0.950613617
-5.652111773 0.950613617
12.591045012 12.603270063
5.991447807 5.496537882
12.573935957 12.601958835
-12.245285882 13.887516139
-0.970412747 2.778365087
10.813621112 4.854236364
-16.586422946 5.693806248
-4.125126325 5.004942377
16.133954143 2.557432097
6.948648140 5.700449120
2.940061017 -14.668361572
-12.204382582 0.385284614
-7.334553297 2.621149386
-7.334553297 2.621149386
9.607802628 2.451845791
-9.114092845 -3.584872036
-2.047124067 -9.667805181
5.311368309 -1.738375548
-1.076060339 -5.294257666
-10.319609643 8.197895252
6.600182531 11.478664263
-6.270982166 -3.129396973
-5.402178169 -7.008637943
9.610191374 2.452399708
-17.792550077 1.918046852
-9.954797652 -9.507035391
-7.112590172 0.189606722
-12.962325457 -6.830465954
-5.861826325 -18.247640655
-19.990953668 -5.914388413
-16.488016574 -7.798169298
2.275818871 11.209198243
10.675990811 8.340312267
13.856608512 4.486685303
-16.489938440 -7.796583226
-9.106568413 12.385621807
-16.050489855 8.521078540
-16.511202400 6.077084768
-5.585668112 -6.773348209
8.374360866 6.024021057
-12.228637717 13.893292226
8.677586214 -5.451110863
-0.327180212 11.177918751
0.363645183 10.679020995
-1.346718521 8.729573093
0.168248921 8.111317423
-17.232558555 -6.552189138
-1.522771695 2.878428257
-12.342225610 0.615344734
0.290888456 17.907713311
7.582780544 8.900575740
7.337471502 7.990072785
-12.924750857 -15.793571732
-0.031396571 -1.708495209
-0.031423841 -1.707897509
-0.031423841 -1.707897509
12.391491324 -3.623107848
-4.267861357 7.519245760
5.429479347 -1.264976753
0.955598907 7.345781956
-18.109043068 -11.214985299
-17.112513599 -11.689312985
12.404566022 -3.624362648
-7.580221593 18.312103174
5.425087241 -1.264208328
1.835757362 -5.549989928
-5.101650260 -3.603580952
-1.726768204 3.388338679
-21.042167888 -3.184821039
-13.145263847 -16.384310409
-1.440269180 4.576366445
13.815113585 1.257244488
16.523783487 1.132670943
-0.701916031 18.386199440
-1.883634570 14.750495521
-1.726768204 3.388338679
10.648681981 -19.702284236
5.191224786 -11.622291386
5.947736159 7.131151268
-9.267767793 -12.821653267
2.475000458 7.905702063
-3.996172922 4.405105019
17.694415377 14.500651122
17.813931210 14.408445597
7.622162838 6.970114983
-0.481528004 18.258386704
18.146527889 13.080577830
-9.342506159 -12.674807938
-7.621299589 -8.127591005
12.536914763 12.471270907
-10.321282387 8.202722623
7.797389005 2.071121013
-19.575008339 -9.409256407
8.671816558 -5.461237710
16.590321433 1.229708846
-4.709662212 -6.178938581
-7.140719098 17.745412103
-8.690728029 2.996977307
1.468852744 12.372931985
-15.003203210 -6.236529901
2.235542990 11.227918528
-14.476516151 6.418432431
13.551369152 1.007033834
-13.601691079 -13.159641579
-10.824754027 8.691374331
-22.376159184 -5.976610111
7.875072464 -8.845733564
-0.817589659 3.811783987
15.902883253 12.643237261
-17.187347123 8.095496391
-16.383896066 10.927363074
0.547119474 -12.495132980
17.573046093 14.771510463
-3.216821722 16.093343487
17.458744142 3.167255116
10.475051101 13.474422425
18.395789233 15.629442208
8.677498956 -5.454930305
-13.701386997 11.492074036
-17.804389589 8.291230649
6.573501838 1.794290920
1.749189351 -10.468377254
-10.071815712 -3.877382396
10.675990811 8.340312267
-10.299056353 -16.121372147
-5.120916915 -13.684443371
9.962104863 -3.857289459
6.496547334 -8.009381405
-14.386635709 6.354484791
8.676376655 -5.451194704
-8.530345559 0.670241865
-5.398224204 11.039608989
15.993301842 2.934449460
16.476949746 4.266715083
13.126471499 7.754775242
12.579590762 12.600109911
-14.632852507 -0.745851146
6.918134440 -8.892284717
-1.726768204 3.388338679
-0.805738087 10.746582230
6.000099285 13.598051365
8.095912960 -18.066682957
-16.996159283 8.584356074
-0.175838833 -14.675669910
-0.175838833 -14.675669910
-0.032410427 -1.707767268
5.309915774 -1.736979339
-8.734177277 16.314008183
10.046683627 13.235724555
7.553804706 8.348023417
3.313541614 4.917599509
-9.366664820 -12.703922542
16.851450119 4.131025792
-2.083682515 2.017330826
-10.328074943 8.209176654
-0.180011819 -10.306687439
5.534825444 -2.023729168
-6.122740020 9.384180992
-5.193615616 9.977798726
-6.420263581 11.922387888
-5.203200267 9.984204768
-5.206529404 9.995724520
-9.509425479 12.239928291
-16.492475966 -7.791703773
-19.597212720 6.679396798
-3.277116037 -11.238508657
4.964962139 11.095135252
-10.847521205 3.107291581
-9.114092845 -3.584872036
13.530213929 -3.840581124
16.552348235 1.132793411
4.329562665 13.456120358
4.453985937 10.088390997
8.496206042 -4.209739772
-6.726042821 -1.346419941
10.648681981 -19.702284236
-3.907076057 0.016504990
-6.770331339 1.538967869
-3.873111522 0.011988479
-3.912733511 -0.010189519
-3.906835417 -0.008292315
-11.710048815 -0.484962330
15.296614129 14.382220282
2.145582250 -11.351591121
-7.417093159 -7.989443501
15.617794921 18.232590652
19.173377583 16.781878785
1.784154449 9.455421363
15.436356357 -11.280535799
15.453720604 -11.247869122
-7.779877334 0.825425746
-9.948465089 -9.529015345
-9.944830224 -9.542065087
-9.928809903 -9.529742862
-7.078552222 -10.282227279
-12.226909841 13.884340917
-22.376159184 -5.976610111
-20.002129517 -2.387890375
-6.509109611 16.952230169
-8.437554360 12.434668292
14.769409455 9.307049573
10.384621954 -0.523095439
13.602606669 11.100485536
-3.421112360 16.231508122
-6.947916797 2.207720816
-11.907205616 0.186447724
-10.835493911 3.048291065
5.309915774 -1.736979339
7.757032636 -5.370227248
-5.195658403 9.981102601
-1.880733769 14.758214147
-14.632852507 -0.745851146
10.648681981 -19.702284236
-10.821749969 3.071455709
-8.152517650 -2.712842011
-1.714317969 3.455202137
-12.638114496 2.402640964
12.579619956 12.597806417
-6.152361040 -17.404733290
-11.648801534 4.574662523
15.575417457 18.226114353
7.690226028 8.306921694
-3.024953853 4.043673343
-6.848261018 -10.307002919
-18.015720376 9.659303190
-2.083715818 2.017350005
-1.698495787 3.459430080
8.678311931 -5.463433904
-17.690544683 8.268111093
8.678783767 -5.453929114
-3.391732508 -4.590614229
6.015659792 -14.909683785
-17.641110463 8.143023284
-4.658236380 -6.171520399
-16.492475966 -7.791703773
4.255996024 1.114083100
-5.197825217 9.983539801
-0.214256522 -14.686290942
-0.884923946 -14.129880745
8.503490550 -4.213272638
-17.830254923 1.898083768
-17.830254923 1.898083768
-0.385361401 17.302895350
-16.489938440 -7.796583226
18.749941004 13.487979157
16.786820669 13.663002370
-2.643376388 5.151740875
-12.591393759 2.386108277
6.064658776 -14.666338721
5.652226679 17.719974755
-9.008367741 7.997481059
-8.139053406 12.579930453
0.053192797 8.419295543
-5.105756099 -3.511596428
3.819527242 12.801407954
-5.266805163 -6.475077711
-1.126807980 -7.684411136
-3.950040970 -13.138563581
-4.144106136 -12.126967168
7.689512466 8.308243203
7.792136967 2.071208103
18.206411392 13.783973687
-7.094383427 0.025660845
1.830947619 -5.521320869
2.168142311 -6.969921535
-12.025586344 -2.247114380
-9.946596127 -9.538853881
13.095788755 -7.873144835
-9.655892799 -3.641838428
-10.328074943 8.209176654
-12.235902623 13.884794156
12.234876017 12.022585323
-0.850516518 -10.136628138
1.033425329 18.210377475
-5.214899212 9.217555047
-6.122740020 9.384180992
5.534825444 -2.023729168
-5.815815823 -6.823456141
-16.412323496 10.950805121
-2.409720952 3.507344703
16.904085677 2.180842089
-6.832023414 -18.207335538
-1.726577078 3.389024727
5.030135445 -5.838421402
7.750521928 18.698989631
9.241819664 9.845616835
-15.845321125 2.338696434
4.589965405 13.678258799
15.303771415 14.380509006
-0.204060943 18.155129677
3.313327766 4.917861032
3.296561433 4.916533492
13.813457709 16.587923202
-12.962325457 -6.830465954
7.663453436 8.319196110
-10.785388300 7.871475144
9.401461408 9.168525442
-22.386562561 -5.987264575
-12.555433184 -5.977541501
13.130787187 -2.933814582
17.392257315 2.981851876
0.543144667 17.505846214
-12.072955307 -12.422765441
15.658308526 18.410134487
-5.119563247 -13.671566454
-2.080675577 -8.428577080
12.579619956 12.597806417
-14.895084744 11.880961838
-7.730983633 18.316658576
-5.205977521 9.989266008
1.010550239 -2.980703182
-9.401327708 -12.698202846
-8.654383397 -5.263816276
6.327773918 18.781855585
-9.366664820 -12.703922542
5.870443423 4.351062684
-16.954452778 -6.926839431
-9.114092845 -3.584872036
-8.660874112 16.035784859
15.441507458 -11.287063347
-2.080675577 -8.428577080
-2.080675577 -8.428577080
-2.423956308 7.383843607
-2.495030828 3.741580673
-3.996097217 4.405349483
4.994307092 16.192906944
12.039139210 -4.652993184
-16.230642826 -1.732581291
-4.746123676 -17.738037039
-17.169827528 -4.518334756
-14.058957941 -4.357255677
-2.659547241 16.630592571
14.818514008 7.084401506
-2.879391472 -11.815344267
-6.771471040 1.534208265
3.224289003 7.459291916
-17.817319744 1.900852609
-10.827687792 8.702050940
-22.408010529 -5.980837657
-10.136953424 -6.447203858
9.858610625 -3.483555194
15.677636931 18.431288070
-12.921731262 -15.783075965
-12.921731262 -15.783075965
-12.921731262 -15.783075965
3.296561433 4.916533492
3.313541614 4.917599509
-19.214826656 -9.048951326
-18.330560863 -3.423007465
-10.209660121 -0.617110244
-10.602369095 8.594705760
-17.472220172 8.172590013
-8.138061845 12.576198756
-22.386562561 -5.987264575
-14.435065304 -10.325401929
-0.895935836 -10.112232238
-9.472710157 1.409724353
1.868875704 10.605847875
-14.648703959 -0.745726562
-11.677855755 -15.729541948
-4.746123676 -17.738037039
-20.070331950 -9.625919800
-10.856489915 7.749001199
8.374360866 6.024021057
2.799781769 -12.224599531
-15.842961882 2.338820980
16.566135367 1.217851983
-0.487132490 -13.202547145
18.134801249 13.631154080
18.907484695 13.195244540
-13.595829979 -15.770247653
18.898195626 12.071480453
16.787154492 14.124237788
6.331953576 9.481464123
12.232917531 12.020455161
17.477103400 3.165928849
11.950630180 3.386806580
8.094972049 -18.068127207
-0.718128256 -9.389252565
7.471069730 12.323357541
-6.801735140 -18.152700619
5.243844682 -8.337524407
15.674937041 18.420388016
15.571132627 18.250297937
7.083221363 -9.379665423
-16.443386463 -7.685240541
5.191602000 -11.627682452
-0.011397876 -5.525550768
-14.070873475 9.540113489
-9.472710157 1.409724353
-5.206506775 9.987859049
5.011962558 16.211702043
-4.269275023 7.517205686
-4.267607391 7.515757695
-20.122267172 10.125469233
-17.076768353 8.052889081
14.769442916 9.310761132
14.840681127 -5.576878180
-12.837090684 -15.655344362
7.992143439 9.523787893
-10.242415943 -16.216552709
-9.359257100 12.350122516
-12.218206789 13.881538079
-8.616297581 15.959673112
-4.595563116 9.994734565
1.724708164 5.545773265
7.843244564 -16.433660877
-8.135548458 12.590047732
17.750809453 11.846920910
-2.990018508 2.333465587
-9.567743464 -1.079851983
-5.203200267 9.984204768
-6.154678929 -17.404717832
-8.224945431 -1.230734768
14.743082250 9.328738661
-18.099697209 8.949276352
-12.894037364 -15.672508093
-6.154678929 -17.404717832
-5.105756099 -3.511596428
-4.691582456 -1.565984160
-8.564849867 15.830695866
17.063983801 10.842346348
15.843561158 12.705628654
18.264568631 12.966754821
18.729916209 12.990849504
16.597089528 13.286129973
16.594855046 13.280785213
-22.386562561 -5.987264575
-17.856000336 1.901527859
6.496547334 -8.009381405
5.197803306 1.082541140
6.572632396 1.811846296
-9.894442663 0.964433177
5.382143370 -1.878950599
-6.270889382 -3.090683387
11.767962128 3.283242209
7.792136967 2.071208103
-1.879279179 14.757688989
14.708558142 9.325834173
14.309268580 -4.777691643
-19.890136694 -6.227097209
7.865202522 -8.858677403
6.302229275 9.504429580
16.261171365 12.964093360
10.474546538 13.486622145
-16.670981318 7.881762329
6.167582754 8.169028015
-6.849566328 -10.296786950
-0.175996137 -14.688344225
-6.496880234 -0.716578297
-18.112069680 9.057031181
-2.134813177 -13.755096191
17.573046093 14.771510463
-14.406118442 3.540329938
-12.924669431 -15.800489464
-9.352102583 -12.680630688
7.858283070 -8.852094498
-1.340882732 -15.795992516
-1.340882732 -15.795992516
-10.319609643 8.197895262
1.010942005 -2.980410776
-11.643022196 -2.838122574
2.931317760 9.527255570
-11.726296654 -9.150360697
-11.754741950 -9.192371358
-11.772644809 -9.188711589
2.925321406 9.534356608
-9.547844859 12.076783540
-9.554133219 12.084532208
-9.277869220 7.954530431
14.252244539 2.462636512
-7.123751408 17.728618162
-10.739645286 14.987357839
0.389725596 -14.542141613
-1.110316109 -10.321702851
-7.964942106 16.439778189
-4.596838455 10.010314706
-7.841217859 18.323211593
3.200934984 -13.832335395
10.937577336 -4.660153805
-12.054355493 -2.130244543
-12.012325300 -2.244603587
10.966230182 1.072250125
-2.220649429 10.160014912
-7.419039911 -7.995073125
0.768770359 -1.191307223
-3.277116037 -11.238508657
16.789839714 0.771177896
14.807396076 7.117157113
-20.107620675 10.138142915
-7.089725062 -4.512500272
19.037888083 13.111843316
16.707094743 13.515233888
4.453985937 10.088390997
-4.825597262 -6.058147556
-10.197424467 4.808374873
-2.879391472 -11.815344267
-0.227574709 18.182447143
-0.000068820 17.970420137
-1.882662788 14.723778045
-1.882662788 14.723778045
14.181876356 -4.225064990
-3.309647365 -4.432474673
-8.429330597 12.434443188
4.255996024 1.114083100
4.255996024 1.114083100
1.835757362 -5.549989928
-0.772790495 -14.036825152
0.057314866 8.706903125
-11.802313449 -15.810154406
-11.812043591 -15.838751019
-8.135548458 12.590047732
-10.745019565 14.999849190
-8.475846212 15.944384848
-17.786328169 1.917996597
7.622162838 6.970114983
2.167687562 -6.976748555
-11.633450276 -15.690671719
-18.094861370 8.831418483
-18.129676245 9.065550398
-0.758437030 3.850986070
9.614728353 2.452759286
9.610191374 2.452399708
-15.973172294 2.278827688
0.135705808 -7.494000839
4.803984671 9.313447171
-20.982884150 -8.428929105
-21.042167888 -3.184821039
0.144930383 -7.490979873
13.820004404 4.583248603
-17.251205505 -4.033457949
-17.251205505 -4.033457949
-2.134813177 -13.755096191
-16.511202400 6.077084768
6.229255300 8.783205902
-17.628543519 8.282982873
-16.038305975 8.438354486
-16.373113028 10.946123159
4.454900964 10.100895513
2.167687562 -6.976748555
-12.911725698 -15.788562194
15.712190804 14.863149705
-17.903013103 -1.201367825
6.611479886 11.384451508
10.474546538 13.486622145
7.752298897 18.728174056
-3.420503320 16.231159885
-2.080675577 -8.428577080
1.648002891 -3.024155862
1.648002891 -3.024155862
1.648002891 -3.024155862
-1.345665267 8.799091244
-1.344569361 8.796897959
0.053192797 8.419295543
-1.344569361 8.796897959
-2.221409218 10.156528343
-2.007627508 -15.828146056
-2.051653948 -15.816657624
-5.198077596 9.973258480
18.033532410 12.909253009
-5.191851192 10.005151959
-5.194325052 10.002787102
-5.119563247 -13.671566454
-6.082538759 6.108145151
-4.742955339 -14.322115218
-9.653434641 -3.641110849
-5.597114618 -6.781153754
-9.295232828 -12.506256923
-19.423606630 -3.672666408
-5.930106099 -18.251876800
-20.114501204 10.138300643
-0.718128256 -9.389252565
-10.174146152 7.943476793
-0.736825827 18.338789664
-0.032774284 -1.707812727
-4.164923215 -6.223431982
8.579396250 -1.083884173
8.703196551 -1.067182907
-17.021815189 -11.726561485
-9.124142763 1.513169210
5.574695326 -11.070463175
-7.158679414 15.095926289
2.166176347 -6.970318760
-18.035041515 9.649984877
-17.754141150 8.477271283
12.529203091 12.476393911
-12.335956403 0.623132963
2.167768480 -6.979046126
-18.865290966 -1.676199342
-10.241918901 -16.246912848
-18.581767742 -2.337407123
-17.871358821 -2.276690375
-17.871358821 -2.276690375
-18.458553263 -1.544896315
-16.849445023 -5.435865614
6.165821585 8.167904104
-5.198623960 9.999109335
-10.868218092 3.116122964
-19.563305687 -0.538387641
-17.038555963 -3.284691823
-8.959507109 -13.110477119
5.008226470 16.133173567
-18.079651353 -1.802899979
-17.260088081 -4.033727021
5.311702830 -1.737430045
-9.124142763 1.513169210
-9.941906512 -9.540293534
10.675990811 8.340312267
4.606762371 3.311925132
14.164420829 -4.936078460
-0.028125486 -1.711745990
16.261171365 12.964093360
6.316870641 18.779519123
-9.775530959 1.036432088
-11.752395389 -9.186466350
-6.728186989 -1.342761935
-2.170791866 -14.099763115
14.396317557 -2.028739561
7.992143439 9.523787893
0.429401644 -14.550929328
18.262824796 11.935510102
15.675489171 18.429080441
-12.012325300 -2.244603587
-5.178134604 -0.568084553
-12.798382384 -15.510681501
-9.129106976 1.513276475
-1.744993640 2.842453037
4.764734551 8.236083565
-17.060107616 -11.692713388
-8.099166769 5.940823818
-9.625169707 1.829365589
-17.786328169 1.917996597
4.072050483 15.846968609
-8.739491329 0.451418732
-5.305273665 -2.173017197
-0.718517667 -9.391232947
7.186788883 8.524937987
-7.158679414 15.095926289
9.817722797 3.402559025
4.606762371 3.311925132
-8.358691580 16.031920892
-17.063003214 -11.709941073
-20.654109887 -3.309271215
-8.734234946 16.284636582
6.587331222 11.495768373
3.818704712 12.810474138
-12.072955307 -12.422765441
7.471069730 12.323357541
-19.906562752 -6.225885789
-0.045970522 18.247606457
4.737860893 3.332084926
6.958514273 8.391781621
0.546980023 -12.478353260
-0.028272032 -1.709099111
-0.893657584 -10.112132079
-0.028912481 -1.713243678
-0.930467219 -10.124740068
2.166176347 -6.970318760
7.689385272 8.000610617
-6.019022467 14.140364008
-1.340012466 -15.811574704
-6.067521300 9.347089366
-0.432959408 18.299268024
13.098244065 -7.878166859
-0.894398689 -10.103769332
17.310734914 14.653581514
4.801050136 5.475007492
-12.072955307 -12.422765441
-12.072955307 -12.422765441
4.609727043 3.312076498
-14.797578292 11.822891351
17.418832359 13.391870330
-12.911725698 -15.788562194
-13.624832861 -13.164016099
-0.674190529 18.006933008
-5.207580232 9.983467505
8.674393948 -5.447871333
-17.709433404 8.269470810
-10.329809653 8.212332945
-10.129301980 -6.450838208
-9.655892799 -3.641838428
-4.746123676 -17.738037039
-7.645734648 18.395182947
-9.129106976 1.513276475
14.101183287 -4.320177190
-5.674442885 14.944609675
-15.370981550 -3.319696324
-17.473949832 8.171774533
0.389725596 -14.542141613
0.135705808 -7.494000839
19.185246888 16.777900878
0.135705808 -7.494000839
-10.493068179 14.863097080
-14.841585752 -7.480342011
1.220133658 6.901021697
-6.513617836 16.957182260
0.006986950 12.591802842
16.496023067 13.185261366
11.767962128 3.283242209
-6.504978969 9.452982946
-6.842906114 -10.304406052
6.305895230 -17.541705659
-4.164923215 -6.223431982
6.305895230 -17.541705659
-1.882662788 14.723778045
-22.215618312 -6.052662629
-10.485748441 15.013662868
-3.957934798 -0.351896079
-15.082118803 0.118883743
1.648002891 -3.024155862
-9.114092845 -3.584872036
12.346160541 -3.696673158
-14.612753134 -0.733940410
8.679751275 -1.071064180
-8.517783080 15.748838089
6.317875667 1.762612912
-0.034564327 -1.707147051
5.417537376 -3.497859243
-8.099166769 5.940823818
-3.912733511 -0.010189519
-14.354524585 -13.916127944
-1.726577078 3.389024727
-12.047883650 -14.638159926
-15.368876401 -3.320020987
14.722554408 9.347238655
-4.709662212 -6.178938581
-14.940652104 -6.247754767
-3.216576837 16.114656407
2.824469792 -0.682587155
-18.458553263 -1.544896315
-1.313693096 2.729835204
-17.837629181 1.949479561
-4.164923215 -6.223431982
6.599252429 11.479686916
6.313200335 18.776942336
-20.352255865 -9.865181614
-20.976643827 -8.512114313
-10.209660121 -0.617110244
-8.933611673 -12.171478588
-12.555433184 -5.977541501
-19.423606630 -3.672666408
10.882029822 0.510847751
6.313282277 18.752213222
17.517889178 14.254641389
6.000099285 13.598051365
4.847425395 16.191794135
5.954018574 7.269578800
-2.221848227 10.158178750
1.535099805 12.270741946
-4.038526381 4.895346876
-13.146798805 -16.392580849
0.057314866 8.706903125
-11.440652178 -15.241297754
-15.081157252 0.118532349
15.902883253 12.643237261
-6.154678929 -17.404717832
-7.421750431 -8.004889705
-2.654410187 -3.204483339
5.012633481 16.190269377
-9.671602122 -3.629769303
6.583113783 11.384905818
-9.647282211 -3.645001445
-8.524761532 15.966594649
-9.668296491 -3.646468342
-7.682648944 -3.766257509
-10.597585973 16.225287312
-17.831195156 1.897847839
-7.683881161 -3.765621419
14.126958577 -3.884485120
-9.191464516 3.194547090
-7.553061697 2.518866559
-0.032410427 -1.707767268
-16.998010897 -11.623073961
-12.495693511 -5.936869215
-16.498494646 -7.803141580
-9.615030134 2.475789793
6.077495260 18.423463900
1.482623826 1.297595914
-8.554535569 15.872403569
-0.226556101 18.182630532
-7.133992908 -13.966945774
-9.008367741 7.997481059
-13.862363645 11.533559896
-15.896356935 6.570326057
-18.030072654 7.118446292
-14.797627232 11.840817771
-10.316996826 8.207187861
-10.790043944 7.857790857
-10.790043944 7.857790857
-20.122664908 10.123389385
-13.673956602 11.490261453
-16.645350641 7.903910852
-16.785622821 8.363084513
-18.126039802 6.654901348
-13.681116124 11.484399831
-11.042489121 8.690273397
-16.805288111 8.062439720
2.828853152 9.524053931
13.490173198 -5.765488868
9.826319204 3.402946351
10.050509287 2.581989112
8.658477529 -1.074107866
-9.681061495 2.581990456
14.700292433 -3.424107598
11.042565363 -4.708507819
15.838531960 -6.263485529
-4.709780752 -6.182764337
-6.202373534 -3.117393490
8.784627432 -4.601854347
-4.830192060 -15.819066177
1.749937889 -10.468434328
-1.881886044 14.759541270
-0.817589659 3.811783987
-17.011681883 -11.720846878
-17.671418704 8.361956640
-6.270889382 -3.090683387
-5.173338704 -0.568010891
10.923550694 0.481189509
-6.419693252 3.633039857
-9.975033300 -9.457183477
-9.946596127 -9.538853881
-5.453756533 1.770428626
-6.849423532 -10.307298406
-11.859123140 -2.574607151
-6.270889382 -3.090683387
-6.333098479 -6.087260206
-8.115316610 -2.676387923
-9.320114793 -12.650822618
-5.110602976 -6.100904997
-5.002839825 -6.207095432
-4.509441872 -5.003404661
-8.594541324 -6.109029221
-6.742513440 -1.340675008
-7.089332485 -4.513970471
-8.180724153 4.205045045
2.960027621 -14.700192901
2.168142311 -6.969921535
-9.885079029 0.911232627
-2.879391472 -11.815344267
-1.076060339 -5.294257666
5.483902399 -2.414053873
15.840192889 -6.257196258
-21.042167888 -3.184821039
-3.138316316 5.030770006
14.244199569 -4.793236274
4.798478048 5.472738369
-18.458553263 -1.544896315
8.577612944 -4.063949280
8.784627432 -4.601854347
5.343818658 -1.793408039
15.944257331 12.632804082
15.674006127 18.432772956
-7.089788385 -4.515756542
-10.323153863 8.214856319
-14.841585752 -7.480342011
2.924746767 -14.608015008
-14.940652104 -6.247754767
12.751774651 -0.292504947
3.817930698 12.801335125
-16.632058023 8.628956092
-10.132284829 -6.453153611
-21.042167888 -3.184821039
-21.075341430 -3.183909881
8.387177154 10.330599172
4.255996024 1.114083100
-0.204060943 18.155129677
-14.841585752 -7.480342011
-14.841585752 -7.480342011
7.131834634 9.640156856
-10.157568320 -3.290231213
-14.354524585 -13.916127944
-0.058190719 4.496846894
-4.145365464 4.761736352
-0.817589659 3.811783987
11.056571287 -5.963734150
2.524065437 2.496021414
9.729460658 -4.671796655
5.396461532 -5.652606991
-2.878429276 -11.820928029
12.036592398 -4.650131744
-4.076577232 4.905204419
19.058177376 12.697553133
15.944257331 12.632804082
17.148317930 14.721252253
1.010550239 -2.980703182
-10.197424467 4.808374873
-8.150616872 -2.708823884
-8.150616872 -2.708823884
6.301208713 9.506883022
18.768819886 13.769963169
-16.515935638 6.078318213
-16.134461648 8.253521741
-13.685565860 11.494346407
-16.324786543 10.968820967
5.872170199 4.351511453
8.584434650 -1.083986470
-3.561563118 -1.863782959
0.196088259 8.136123109
-1.726577078 3.389024727
-1.726577078 3.389024727
-8.102886562 1.722383558
-8.103859884 1.722412548
-8.234246399 1.023857900
-6.495152367 -0.716363307
-10.192607613 -6.425126093
-0.894398689 -10.103769332
5.416058839 -3.513079808
-2.679452106 5.814875073
-4.779592799 -6.182278842
11.075701780 0.567522825
10.307959071 -0.660939146
-1.881902209 14.733081743
-10.475557092 4.751532979
-5.674442885 14.944609675
15.840192889 -6.257196258
-14.639258856 -0.745764670
2.523884483 2.495916792
2.523884483 2.495916792
14.757759631 9.333407679
16.486481767 -4.412367465
-15.657977751 -4.913975080
-7.164874011 -14.037786823
1.448780269 12.379246101
6.081818708 18.412013850
0.194411881 8.137692446
-1.345820344 8.800940640
-8.711943721 0.557053922
14.246984396 -4.785874166
-8.276134811 0.276793043
5.534825444 -2.023729168
-2.970933463 4.008825065
4.454900964 10.100895513
-6.776848819 15.862760901
-1.340882732 -15.795992516
-17.871358821 -2.276690375
7.883054219 18.720407219
-1.687789646 9.535640527
-5.189005584 9.981781207
8.630977193 7.839779620
2.702012586 6.496408582
-17.735378979 -2.169297175
6.000099285 13.598051365
13.954453993 4.394970755
6.165821585 8.167904104
-20.070331950 -9.625919800
-3.695649953 -9.568264766
4.609727043 3.312076498
-4.267607391 7.515757695
-8.140106775 12.590718779
-8.443791399 12.438565638
-9.956000962 -9.514957776
-2.966904419 -11.930816618
7.059719056 -9.392084866
-1.883159912 14.757122465
-1.884144990 14.730548201
-1.889315941 14.741434521
-4.745460888 -17.727407131
7.752298897 18.728174056
-15.098288946 0.154542497
0.914709638 -1.098558452
0.768945274 -1.191580178
0.837903293 18.244329141
-21.169345230 -8.228666881
-14.639258856 -0.745764670
-18.866766667 -1.676982096
17.917920846 12.970208837
18.315207511 13.138801563
7.752793427 -5.367556116
-6.419534699 11.910656568
-6.801735140 -18.152700619
-4.745460888 -17.727407131
-20.070331950 -9.625919800
7.083809148 -9.383233318
-19.906562752 -6.225885789
2.189603897 6.905720270
-17.735378979 -2.169297175
-16.307887361 -6.084298904
5.994412731 13.578270389
-14.645719653 -0.745813232
-14.645719653 -0.745813232
-13.601691079 -13.159641579
-13.601691079 -13.159641579
-13.695236522 11.494322870
-14.077325239 9.541031247
-17.612035472 8.283614736
0.952479062 17.534774521
-0.740551971 18.562092792
15.797005187 -6.267497529
-3.217033627 16.116863908
-17.740100974 -0.701914594
-6.801735140 -18.152700619
4.138625907 -5.074724208
18.479162506 15.805694393
-14.420029975 6.343589998
14.687916516 -3.423296224
