-9.601048379 2.449981002
-7.172522105 8.335021079
-16.590553457 9.160558329
-19.154660681 11.157726036
-16.062483101 9.144955751
-15.560705166 9.047276710
-1.095597665 10.736364949
-15.541838392 18.017557432
-20.390891106 7.381962399
-11.481949431 5.219680815
-15.455445007 16.783677033
-9.895597999 -4.232448672
-21.219642007 5.384036162
-17.391207353 5.320162401
-12.623195486 13.172538011
-19.087476611 -9.528199241
-9.768863726 10.543441917
-9.186948106 17.190529378
-13.169804845 -1.204746138
-9.083207109 -19.499773359
-8.442520363 -4.056776011
17.168298680 11.409588404
-19.266313110 6.972128929
-9.050900444 4.242618187
-14.470384968 14.090343993
-9.042990800 15.075355179
-10.272370833 16.258821248
-5.606278763 15.440643635
-9.590959244 16.312748293
-9.875789109 10.890577856
-19.702205034 -8.264072228
-15.971059254 3.600106504
-5.786040663 15.462642393
-18.503064409 8.132211454
-15.107330395 4.466221779
-15.036682472 7.925188806
1.004003183 7.486321653
-20.934996728 -7.019863464
-15.204071581 16.276683154
-14.605755006 1.178518066
-14.523340964 7.096307250
-17.515808710 8.704353089
3.236354242 -7.418055139
-13.103718785 -1.351620042
-10.136726427 10.469438870
-12.442203605 6.489140831
-16.672511549 7.980585137
-20.627053410 5.450741888
-15.563916117 0.986658405
-5.778486951 14.354684250
-18.315065215 5.297414380
-17.494506009 10.870248323
-19.086725511 -9.720342833
-21.005995859 6.499740630
-22.189843473 -4.538971665
-5.101090169 15.870639510
1.268260858 -5.880473174
-10.159527162 4.638161487
-12.956973941 8.800505181
-10.425007126 3.480126805
-18.388039941 5.663943189
-14.285201393 9.547045252
-13.713270958 1.927997081
-12.165594694 2.892332814
-11.368375919 7.453229859
-20.249097003 -7.469496816
-14.702706216 5.139424096
-14.622224433 11.356530262
7.606866304 -12.759981286
-8.764240960 -19.564014198
-9.639146916 -16.120623912
-14.804035708 5.505201565
-14.710915279 13.554365992
-17.174036252 5.814011379
-10.585233443 5.767160937
-13.419958631 6.707822025
-17.619222399 2.070277696
-19.620353132 -2.301134533
-19.842984901 -6.378983541
-20.333305142 -5.447585225
-20.420949656 -6.897880758
-5.684141540 7.847368991
21.808998473 6.885883761
-22.268849105 -3.515707135
-16.464082812 8.412484902
-17.996081685 3.916721828
-13.270020926 7.894997471
-18.535825676 4.035140645
-20.951997537 6.008131276
-9.282350261 14.246374050
-19.600773760 4.687323712
-17.745611062 -0.458853583
-9.820507676 16.843364436
-8.283936686 3.826016379
5.369055178 9.132959432
-0.123654608 19.596392156
-10.983488524 -11.807929144
-10.697506465 3.787490618
-16.037870185 6.076541916
-14.613194345 6.913138389
-12.348204196 9.767825044
-9.096001116 17.198099746
-6.512213702 16.258375097
-14.602974789 9.846492583
-21.804642637 -5.007383010
-1.949814776 19.330973288
-13.481694043 15.055433744
-5.256443276 11.117800318
-7.209413020 5.805509601
-3.730860321 4.687257579
-14.368300076 18.010698711
-6.581336237 9.313121888
-11.188127900 10.082333064
-15.376228796 16.375837055
-17.635172958 2.414633271
7.316099111 13.207696123
-14.752163440 15.446723711
-10.095390071 1.190381716
-19.065987731 3.634923981
0.941834340 8.658004104
-12.188204038 -4.658902047
-18.664597193 8.934866548
-0.742882837 18.019699447
-3.385140349 7.751666825
-19.707068097 2.207153169
15.556426921 15.929607002
-17.091720383 5.064869878
-16.569414199 6.262616372
-15.687242613 5.484744757
-15.098909681 9.704349728
-19.610658003 4.992176145
-16.348073168 0.432112948
-6.386824685 13.193101158
-5.884788725 13.935185320
-16.654742735 -0.131845565
-18.118000103 7.092184812
-19.323672830 4.225876396
-19.018631340 11.113727517
-16.645524746 3.458183516
-19.384148057 -5.427293601
-11.442951816 3.741363515
-5.599476075 7.553308302
-11.129850633 9.988046362
-15.637028023 3.023843556
-11.870747617 -13.949113814
-20.449677734 -6.147828004
-19.982191928 4.752279263
-20.407893233 -5.522492603
-14.852073034 13.509992258
-2.105399404 18.101459236
-10.578444432 2.378154843
-9.869869458 16.605450755
-3.811157710 7.828683534
-12.616093971 13.027262909
-0.360896290 -12.389414938
-3.751477028 -8.878277818
4.475468318 6.413306821
11.889726891 -10.603132379
-15.425294152 18.021530579
-5.541733704 -8.631726559
-1.279798937 -8.889198654
2.944048134 2.315403087
13.429663429 16.241833255
4.364286055 -6.798011088
-12.794478604 -6.599724383
-21.301968851 -2.888085616
2.798615988 -6.256116438
1.656681301 5.801385307
-11.052340449 -5.340233993
-9.303523664 -8.833615179
12.160739241 -7.527627196
11.756173017 -12.422818710
12.100300033 -6.916510848
11.861212179 -16.305401944
13.371437350 -15.375049530
-8.697202556 3.424981665
12.796273359 -14.250429363
13.041681589 10.483174390
0.624063933 -19.186685990
-7.179230812 -6.862911858
12.447272422 16.528578799
-6.911495202 -3.118921969
6.851119130 -13.110391819
7.081628391 8.470331337
-5.436903862 -12.874943479
10.716615671 0.883428098
-8.700749972 3.353214599
13.617781467 -2.377638984
-21.355450926 8.431654885
16.939617966 14.459284486
5.337555172 -9.909381119
9.058767625 -10.049221761
15.861457543 13.425203319
5.767889178 6.985787888
-4.678898859 -3.336747664
17.462718026 13.580731472
11.190852674 4.071267625
4.100137457 -2.786905493
3.099203120 -11.140319025
10.663323853 -4.127750968
5.583901590 -8.079754614
17.949588527 9.591670330
5.559078394 -2.213757130
12.412241191 10.689783861
-12.124347308 -4.679639169
1.051113505 5.706578306
3.196369214 -2.112544101
6.926483715 -2.814662332
0.822827416 -0.452585156
-6.452412986 -14.833206523
20.194079114 6.969077283
-6.250310861 -19.578358017
13.008652093 -1.375419960
-11.934488367 8.663355971
-17.925792608 -8.764343969
-8.828758905 1.363677740
17.847206708 12.272017102
-14.303848045 -4.465625567
9.645184988 5.549264769
9.442683020 14.833005780
9.316921174 8.320652708
-5.075197929 -17.721750510
15.895020586 -10.314399808
12.205368071 15.003314168
11.194877294 -13.674757461
13.054145910 8.588643336
14.407179247 13.104248488
13.821308601 9.093817630
6.879079670 -7.839077404
11.692465897 11.768037299
3.909337003 -7.521464986
-15.437204301 8.904260666
-25.518744224 -0.140785979
7.585679313 6.593960664
-1.982358377 -5.291776588
1.434367219 1.259074691
-9.100451595 -8.745363827
16.283905750 13.876075877
16.185492015 6.614989915
11.673064270 -8.819285661
0.497224244 1.275556554
19.522040959 4.916876068
20.249754186 10.039845263
-10.636106055 -8.111356072
4.579720512 3.281939191
5.492857154 -2.674183599
7.225132915 9.163347291
4.249839490 -1.590420990
-2.655775266 -11.062087671
-13.324886213 -2.716968732
4.723793957 -10.235177294
9.315555246 12.937431916
13.949502495 10.619654886
15.450158310 11.954927953
12.516713520 13.194782043
11.487563486 -18.005531301
1.661874132 -12.723925268
-17.941205911 -5.977959720
-17.241989447 -5.139910290
2.124716991 -18.334336702
2.755466023 -5.590945071
11.194007638 -6.593763397
16.322259985 14.591340530
-1.829074456 11.142712573
-6.082601229 -4.818721254
-5.793984573 10.433879325
-0.611190877 15.725668776
17.544066277 7.413201404
15.263483250 11.948674723
13.923614465 14.099679474
-17.822544778 -10.272446072
4.335759939 13.358119858
5.528921798 11.282042474
-24.320633951 -0.616844436
9.521241407 -12.664147151
-14.592243391 -2.159190197
-18.302554932 -3.685650970
0.507377683 -17.562047643
3.049571982 4.619495692
1.069791671 3.674941795
-6.019218060 -5.091897873
-4.095357843 -9.624510006
7.472403900 -16.854815175
-5.943807268 -6.042733332
13.503085262 15.192724324
12.777831661 14.308716378
3.870010358 9.973457371
-7.973041571 -1.093562263
-1.855924770 -1.543025242
16.949748853 10.572976186
6.977308234 -9.059143537
16.688603604 13.083293884
-7.015174075 -7.870440197
18.640150794 4.405994126
7.928369566 12.605667425
-11.424515928 0.410286611
10.879832840 -14.838526314
11.078572689 4.592922546
5.186203730 -11.286970316
8.544251024 1.403075626
0.093122821 4.411138661
-6.835904386 -5.267839098
-0.816921848 8.773325779
2.315173256 -0.845178559
-4.410225972 -19.626269631
6.413360153 4.149553753
-10.095186966 -11.240238549
13.405572581 12.480675094
-5.717642599 1.439889300
14.773873156 15.310172933
-1.551101489 -12.876766290
0.567116006 -7.920494026
5.344981779 -10.919378089
11.031080258 13.366929462
15.799541471 -4.331911406
1.162499934 -3.249916224
-9.583435911 -2.116169027
4.818654197 13.158418007
-2.420070794 0.677301070
-5.714122950 -1.470659314
18.870626710 8.808655539
15.129608960 14.078828955
-10.349416774 -11.424266675
-2.901628819 -7.811480825
11.325745833 -0.449836659
-7.827691569 -7.393262299
3.195079936 -1.996681359
-21.407257087 8.560353070
-2.698871560 -13.775549671
-1.842117095 -16.466877888
-13.612392982 8.458787352
14.312728454 -10.868026283
9.196534536 -15.420498061
12.039617521 -16.218332295
-3.093736376 -6.448002998
-1.690006128 5.782611910
16.140634949 -10.093809135
-1.791194618 -12.992448357
-4.121630979 -10.161809347
14.106582409 -7.379920378
15.060638364 4.407695132
-1.429444185 -5.142755457
12.442645382 -11.165918832
-5.534026665 -2.073814336
10.792373591 -1.901134701
12.031787986 0.745828378
1.776694363 -12.035185237
-7.835082656 -1.145731808
-16.196918391 -3.200352557
-14.626099189 -6.841710903
-5.478409498 -18.838887456
13.714881543 8.103179397
10.939074315 -16.376431790
15.658770039 4.343155296
-4.642627267 -14.080424958
-17.823583146 -9.606130126
0.748729375 -4.423971873
-15.682027295 -0.318617789
2.779756253 8.605582597
-0.849421849 16.529778949
6.516555815 -1.409702637
19.211670535 7.211609540
9.688435057 -8.001746173
2.850345199 -7.366677217
18.089124676 7.063037916
11.517980983 8.000191519
6.969527593 -15.306857989
12.696230305 14.126045362
2.172802069 -11.317710140
19.991170799 8.356847303
-5.435582097 10.833632813
-8.710569656 8.152822112
11.997310038 -8.187252739
-6.082439851 9.990876169
19.422020291 7.502934864
4.424210391 -11.541161956
11.288544641 4.768261967
-21.226324032 8.369258954
10.663142048 0.856765733
-7.978639006 1.896818488
8.890691201 3.482475937
-3.026771554 11.242202007
15.274537082 -10.079019894
-9.171168235 8.501891014
5.847873677 2.838122354
9.329492722 -7.146870023
-14.707355381 17.751947873
20.074221242 8.396253734
2.848823691 -9.966285557
-4.833002028 -17.693334740
14.056830098 -11.209948625
7.901745829 -11.120439172
-3.680966362 18.577006828
8.945447871 2.210764713
-0.815810916 16.225260153
-9.780727694 5.651025592
6.207327150 -5.027360913
0.726311535 3.534545139
-7.077681005 1.131398143
5.673883964 -14.448366903
17.330329367 15.105025968
10.918870994 9.811488373
-22.359585720 -3.964382718
-21.908658090 -4.166866599
9.928889861 2.305304898
18.702393392 10.863763192
-0.528400217 15.582062234
-5.140072205 2.026088918
12.749653858 5.480666551
9.571654166 -12.349006787
6.741275965 6.762453834
8.453782176 -4.585954404
5.845531670 -1.831313199
11.071027541 -15.775227968
7.724860485 -15.492096846
10.289261508 6.041633269
-20.922328073 -3.230281530
7.336291227 -2.471184547
4.365263907 -15.559405214
9.503757864 3.846925637
14.303961761 -0.337987056
6.937611853 0.619270843
-4.329013753 19.212263936
0.798469029 -3.112955954
3.985637695 -13.581308802
3.455926277 -17.501849591
6.576711621 -8.376310647
12.500594826 6.612240569
1.296961532 -9.692871763
-17.527547440 -2.145177090
7.201860221 -2.329896342
15.555574394 -10.558865315
3.776611343 -18.934059136
12.544545541 -9.265205896
11.459388014 -16.961450555
15.842512169 -4.296858564
11.979642785 -14.072049009
-4.819323253 18.702525159
-6.673636367 -12.153968104
3.432160385 9.388269670
-5.705392970 -3.700300991
-2.557910423 -0.207186625
-17.563171532 -9.402605993
15.180286342 5.288872482
-6.019752860 5.742242528
10.285746897 -13.066473681
8.762548588 8.992439421
19.512191497 7.215186694
-9.319972010 -5.931774765
-2.161619811 -8.578499353
-0.870153915 -16.661398895
8.422972922 -8.972783450
7.673469455 9.360222224
6.183594464 -2.985515323
1.788370983 -2.612861075
8.467764461 -8.845957976
11.848380184 9.488636764
10.190263676 6.455517346
15.234882472 -4.763431130
1.730932949 3.640411611
18.867665498 5.860722242
-15.858642384 -4.604262957
9.050068762 7.985947188
-6.038027864 1.882056150
3.040373659 9.115143519
5.608848316 -11.060498163
12.194029106 1.810323414
-0.171366587 -14.194322744
-6.282562853 -11.053293792
16.280478668 14.011862701
5.307070304 -8.331705505
-8.247399317 -7.332450838
-5.338105040 -18.927988092
-10.081532353 6.686007327
11.441497404 6.352047898
-8.269414705 -11.757563809
-15.749483246 10.917254970
15.420810744 8.092074862
-9.305021108 11.690810213
4.812263288 -12.347093997
1.700325695 -12.456579443
-7.803743387 -4.413291883
-7.278669938 -0.008084454
12.335811401 -4.452369752
16.554640345 7.969323894
-22.413157290 -6.043776423
-14.904548465 -2.915752410
-2.870315461 16.779982963
12.413202821 -15.570233603
-8.283997385 1.784693364
13.652906046 15.247682120
5.765507247 -12.936597119
-2.168654743 -14.621060184
-5.225115605 -13.119171754
3.753898655 4.564832833
12.708548285 3.319618531
14.040586479 -12.378406843
10.531134313 -6.420150297
12.396741690 -10.849992080
2.454798761 10.649136500
10.423565703 -2.112798142
14.259266569 13.871066954
5.205193344 0.831006461
7.062560559 4.645871943
6.644467864 -14.739639858
4.993498366 -15.505410689
19.270508893 9.019791915
0.597126842 12.126143551
9.865945786 -1.875358521
9.176870635 11.347221250
14.698500240 14.454186673
-3.562824360 2.700692133
-16.037551404 -4.603601599
-20.911959898 -2.591770537
-12.239173458 -0.234087708
-11.741829972 -0.954549037
-16.325732017 -3.773687702
1.742012928 -7.663298907
3.842159234 9.972808314
-6.492028226 13.470478152
0.753161164 8.623539193
9.644250032 -14.620848478
1.958962487 -20.650469449
10.902281298 3.933394976
12.278172886 -0.670427876
-11.798996904 -13.906622452
10.098953235 14.943067819
14.537104189 9.540802408
1.381045448 -15.220835172
11.938653218 8.188689590
6.497032819 4.108387022
16.046805449 6.770627553
-18.238694077 -10.109646779
-3.220793043 -2.069711311
-22.797318214 -1.498725323
12.779848171 10.480086423
-5.156959893 1.186289823
6.900879062 10.299576789
11.680853093 -14.493472649
10.848110777 -14.771062242
10.955460297 13.406143537
14.024017095 9.096031216
2.094887032 -17.605449194
16.375811721 14.248402639
12.960212130 4.176935899
15.480930216 13.245681795
7.420959946 -7.251399188
-0.557449983 -9.323612303
-0.325298856 -9.998665203
0.253151215 -14.506807700
19.446972659 3.418636818
8.091457422 2.254899187
19.602015421 4.359529927
-2.670477888 1.500393870
-6.291352342 2.751660002
-5.536124949 0.374391104
-7.642807494 5.405044852
-6.300859416 -14.835380715
-5.601515173 -3.322487898
-5.920923905 -0.366696910
15.862918326 14.059560444
-15.263818557 2.983789177
-2.667818885 1.280294570
11.473726353 11.863655274
13.245302286 6.185806020
12.384288600 16.074343697
-1.057807949 -16.229372775
-5.252088075 7.022387481
-2.628302228 -20.520322502
5.643401858 -15.458795116
-2.891661835 -3.988328969
-6.506460102 -6.676022520
9.640926522 -4.670230111
0.555638677 -17.142926169
3.179503188 7.566979182
0.279450956 -17.356323744
-21.650802021 -2.947244901
-7.084332167 -20.669789581
7.397193111 -5.156195660
-14.080960785 -7.783050425
-1.216920508 -15.107854860
-1.321106183 -0.138112952
-0.156282121 18.111868646
11.495538136 -17.941160337
-5.738241814 -8.439502105
8.873996726 -14.978005941
7.666806366 5.722932315
-8.055313547 -18.461294311
-4.555544876 -0.203807830
-4.850799529 -0.451705007
-2.233605186 -7.782578402
-0.844140207 -18.842386198
12.533930909 11.920709003
14.874478643 14.843279591
15.589164407 -4.491454748
-5.836376127 -21.206564741
7.019387269 -15.299244171
-5.237360053 -6.338307314
-25.842681703 0.329025743
4.502554640 -18.013346384
-17.293519219 -2.775952320
8.641850598 1.433840719
10.747101869 9.569970039
7.057883387 -6.910247883
14.174789227 14.195781421
-17.432718218 10.733974223
9.280154882 11.445127359
15.166064882 16.555205056
14.881510081 1.662577708
-2.929309496 -7.902574768
-0.056731468 -7.778020293
15.818380784 -11.168546544
-1.735546453 -12.359911086
-4.181494157 -10.573642631
20.882592503 6.603240147
20.869594438 7.021453862
-2.255184792 -14.338801132
4.331490473 1.046704050
-8.748122665 -0.379871916
20.878951660 6.108132747
17.631053182 5.576611579
10.560550287 -3.301266379
5.989249182 -11.791542620
-2.452519717 -16.271752323
1.195855509 -7.493783517
-1.885048676 -16.440650021
-1.222589421 -10.021433449
-21.684613023 8.677767288
5.420618343 -10.642647405
6.455898785 -13.178038777
-16.261046558 -1.712079738
-6.354298093 -14.894201161
-17.369401546 -9.660235098
14.386189545 16.036469617
14.097274351 -0.757510846
20.449229100 8.395832589
0.931152212 1.319456695
13.684827008 -0.233579411
-1.042324868 -0.038633552
7.494337355 11.886647526
6.085202700 -9.776838779
-11.831530474 -13.933322001
-17.977781173 -2.085078426
2.703007117 -18.247790218
16.729623646 7.653240299
18.750164428 7.217555054
7.416345956 1.239996045
8.512991849 8.385584685
6.517500907 -4.654760598
-14.824764747 -1.330228403
12.752062429 -10.107757316
5.435925913 -3.555160563
14.306468178 3.858763577
-2.192927390 0.335665908
-8.059745331 -2.670062092
16.077654564 3.806564020
15.643052644 4.658875437
10.361825146 -1.593033244
10.150986412 -5.703587052
8.843195560 -10.801956123
10.282995332 -9.612090738
12.077345033 8.139826690
7.322795224 0.830902237
12.058428329 14.847074159
19.806078003 7.249922535
14.660435639 -0.961357854
10.509824710 6.964897613
9.880148726 -7.778308387
6.442552890 -10.070304145
8.113120876 -16.368211945
4.370412329 1.686562465
8.779771723 -13.677180863
16.284356939 2.804896222
19.769631680 7.541765356
-15.387989796 -8.751953032
-3.421498465 -4.390191285
-8.746360146 0.599864735
-17.896385014 -4.139703745
7.864106461 8.250959029
-7.317370262 -5.651779990
-2.373498452 -5.178549859
3.619808965 0.595969913
-0.866257300 -5.056298402
-3.471647942 -0.805184297
10.773762269 -15.281046121
13.231178030 -2.351315300
18.450330465 11.399370777
11.462971141 -1.955067769
12.194249822 1.145429216
-16.415140818 -1.175512297
-4.736135268 -3.771118378
16.166371076 10.347920909
2.598175539 -13.547808494
13.641481996 12.720007416
17.290426546 14.809324592
-21.412796962 -2.368802506
-1.303268588 5.692234808
8.187569111 11.649129939
2.676346483 -3.718072796
6.008486358 -4.496252915
-3.504099117 -8.014129545
10.751177120 11.671742186
-16.662255686 -3.637941328
8.071505231 12.795260290
3.460558169 2.832123174
8.517182224 -17.374902953
4.018778573 13.496783110
4.637199460 -15.129971386
4.217607850 -4.798100964
-3.645340200 -12.921810210
6.803986064 -13.290712266
14.018501827 -11.237373985
3.668105156 2.195645206
4.167822294 -0.815193236
0.472268026 -1.304823941
-1.644136896 -3.479679939
-6.326540066 -11.678880758
1.750433495 6.901936472
2.026404479 -15.945123773
-7.321883611 -1.186295533
-2.880071886 11.806588083
3.110081384 2.449141431
7.785008372 6.599796640
19.927757452 9.256211677
-9.361554578 4.861071410
-14.320724261 10.813560958
-5.031749468 -10.846351900
-11.825725573 7.856292564
12.003555812 -11.560496487
4.985064361 -6.400864814
-3.791004585 -2.877398343
1.622509915 -17.306528126
-9.632856133 -0.930375828
1.092794748 -18.554626595
16.289406388 1.201546927
3.521956240 -9.423846433
9.403363016 -11.390853195
-10.819201400 -11.743395056
4.823952749 -6.846449453
-20.979193632 7.848061469
-12.593142684 2.511856735
-12.287195432 2.718215029
0.603011250 -14.723235760
14.700807129 7.496579594
8.309266375 -3.524125863
8.221511123 -3.883732845
6.787054784 -13.953991230
5.458161626 6.814523989
12.502358612 0.449457103
-13.193949827 0.550324620
3.812375079 -10.236707281
7.109945326 -12.453045268
14.618219839 -0.467890356
12.480884202 -1.264062733
1.947410683 -20.604466413
3.713687351 -9.123056711
16.367026606 -2.843135375
6.037793607 9.151729473
2.047259909 -14.584875602
4.950837612 -19.723911928
14.708651533 -0.322561265
0.022410475 -4.634783073
3.870411741 6.528323517
-4.226931140 -10.758516826
-1.521553333 17.904385590
19.050585923 8.033009724
6.852230340 1.804673971
-6.874027366 -6.128283138
5.729411576 -12.715823411
13.233594047 8.003734261
6.335884913 -13.524998983
-7.201519078 -12.224638485
15.754065240 10.087190444
-7.524258029 -12.081293127
-6.848438387 2.987944960
9.775702102 -11.149928907
