-20.711257359 4.394644366
-14.496995800 -17.796034541
-4.790901583 17.900070087
2.338076489 5.437431734
-18.320298858 7.627536842
24.865959242 -17.347207820
-20.711257359 4.394644366
-20.228274062 2.488965013
-14.496995800 -17.796034541
11.613536419 15.134172711
-22.149939355 -17.396386814
-24.932230822 6.401822660
-18.320298858 7.627536842
-20.711257359 4.394644366
-2.658335150 -6.643009421
-19.024732407 2.567609810
-25.096499907 8.003195432
-2.167480146 -5.099449917
-20.293384783 -17.809227368
-25.096499907 8.003195432
8.015675664 10.309356121
-14.496995800 -17.796034541
-3.358382526 -7.662948853
-1.211530069 0.712752465
-1.754494755 -5.131640362
10.133200115 11.463068271
-2.968457401 -4.872712792
-32.435973999 12.396727484
-25.033575107 13.216710231
-23.956083801 11.945487258
-23.956083801 11.945487258
-23.956083801 11.945487258
-4.313540652 -4.835967178
-2.871476853 -5.528245373
-25.414294606 6.127908878
-1.483266816 -5.225804089
-14.496995800 -17.796034541
-32.435973999 12.396727484
7.955842331 16.829809680
-18.320298858 7.627536842
-25.414294606 6.127908878
-18.320298858 7.627536842
5.861660131 -20.068568875
-24.005754876 13.561796960
-3.358382526 -7.662948853
9.045584807 20.844198883
-32.435973999 12.396727484
-32.435973999 12.396727484
-1.211530069 0.712752465
-1.483266816 -5.225804089
-18.320298858 7.627536842
-20.711257359 4.394644366
-1.211530069 0.712752465
-24.886468555 -18.114110314
-18.320298858 7.627536842
-18.320298858 7.627536842
4.372323037 -20.229057583
17.017351491 4.245935861
3.162707367 -20.325540182
-3.095274139 -2.266403546
-1.211530069 0.712752465
-4.316875895 -3.886788645
-18.320298858 7.627536842
-20.711257359 4.394644366
-24.005754876 13.561796960
-25.033575107 13.216710231
7.885193872 11.485378677
-14.421870999 -19.500180094
9.207831621 11.380962043
-18.320298858 7.627536842
-25.414294606 6.127908878
-25.414294606 6.127908878
-22.910434695 -15.646588687
-22.652938375 7.287755204
7.386932073 12.995949545
7.386932073 12.995949545
-25.033575107 13.216710231
-2.557546680 0.684278109
-3.358382526 -7.662948853
-20.711257359 4.394644366
-20.711257359 4.394644366
-18.320298858 7.627536842
-20.711257359 4.394644366
-32.435973999 12.396727484
15.310809074 18.339008490
3.135212205 8.262791954
15.695328548 17.097335357
-1.743550000 -5.548675197
-2.731650391 13.146878599
3.135212205 8.262791954
15.310809074 18.339008490
28.193755094 -14.810179560
-14.496995800 -17.796034541
-14.776677808 -22.360034751
-8.788163914 19.228637460
-6.462299384 19.327796557
4.430242213 -18.730629116
-2.731650391 13.146878599
-13.945067602 -21.513579845
3.347281795 -28.404239411
3.565774611 12.350433169
-13.494598873 -18.242190893
-6.994701256 19.090412190
5.972656544 12.885156642
12.543821252 28.909187606
12.718556002 28.633501421
24.865959242 -17.347207820
24.865959242 -17.347207820
9.724646299 8.065990270
24.209201141 -17.275142866
24.209201141 -17.275142866
2.322873429 5.505142456
6.391694611 -26.484894954
12.926897493 28.303426795
13.524231803 29.333710187
24.865959242 -17.347207820
23.384193767 -20.364079896
16.106201686 3.712162889
3.490405021 -29.657577065
-2.301463309 -5.819691434
5.545773205 3.003457672
6.636026150 2.910707532
16.349479138 5.264317536
-32.435973999 12.396727484
12.718556002 28.633501421
12.718556002 28.633501421
21.957643330 -11.134908939
21.957643330 -11.134908939
21.957643330 -11.134908939
21.731357133 -14.008117039
21.957643330 -11.134908939
4.748616758 8.461840582
10.797956569 28.074293105
-5.470946376 8.335723410
15.518872822 7.060118021
4.646325037 14.634385154
-3.756504995 -4.038399630
14.015741699 6.294301463
4.646325037 14.634385154
-22.910434695 -15.646588687
7.693145001 8.013927855
21.957643330 -11.134908939
21.957643330 -11.134908939
21.957643330 -11.134908939
21.957643330 -11.134908939
1.208764031 19.484507531
0.885992806 20.200552151
-13.945067602 -21.513579845
-2.223250106 -3.366725609
-3.776877865 -3.605279189
15.667581652 18.750163480
14.736596928 4.343636496
14.170516277 5.250580482
13.061047610 6.777809586
3.490405021 -29.657577065
-24.005754876 13.561796960
5.961560197 5.760611075
10.128375194 29.474195776
-32.435973999 12.396727484
-24.005754876 13.561796960
-24.005754876 13.561796960
-22.910434695 -15.646588687
-13.945067602 -21.513579845
7.302650195 5.621466819
6.909434026 -29.678213060
7.351667644 11.553826164
-24.005754876 13.561796960
-14.963330410 -25.859044398
-32.435973999 12.396727484
4.763835291 -27.881864243
4.646325037 14.634385154
4.646325037 14.634385154
15.795603978 17.824983128
15.265554555 16.507418902
15.802077265 17.940577899
0.979759520 12.998656764
13.061047610 6.777809586
-14.963330410 -25.859044398
8.804601025 -27.837726852
-20.293384783 -17.809227368
-22.910434695 -15.646588687
12.252993829 28.003739762
5.964235253 8.571731281
6.281980097 12.526414361
6.164308623 16.782383028
8.203778977 7.749257983
2.582147063 14.634222804
4.646325037 14.634385154
7.259586414 14.451139866
3.206859724 12.152498348
-6.868289376 19.461525346
-0.440429744 15.860451462
5.964235253 8.571731281
5.591768883 12.746840508
6.164308623 16.782383028
-6.868289376 19.461525346
5.882358473 15.414819323
6.164308623 16.782383028
6.164308623 16.782383028
-22.910434695 -15.646588687
11.852791322 28.840996939
13.277252980 27.874163475
0.749562091 13.090751554
-22.910434695 -15.646588687
-6.868289376 19.461525346
7.074996134 -19.938022231
14.823148042 5.219673159
-32.435973999 12.396727484
13.663431812 12.601957203
13.663431812 12.601957203
24.840971587 -12.862342616
17.010135099 5.056391110
14.652207765 6.233240656
15.157507366 15.956753791
11.996598118 29.684636032
-1.199218115 -3.877897554
7.453900905 17.804299874
-20.293384783 -17.809227368
11.597171334 29.769308869
9.259403345 14.876374183
13.663431812 12.601957203
-2.259257761 7.456199195
13.244272736 18.721437533
11.597171334 29.769308869
-5.915065294 20.094581155
25.003517456 -18.982161665
24.890778386 -19.509751428
7.780270168 7.323444343
-20.293384783 -17.809227368
-22.910434695 -15.646588687
-20.293384783 -17.809227368
-22.910434695 -15.646588687
-22.910434695 -15.646588687
9.139980988 7.790845312
-22.910434695 -15.646588687
11.930786683 29.343911923
5.244102055 9.052203103
5.343575936 -29.053228085
5.233035307 -31.974660353
12.392174704 28.082572784
2.035484811 -25.188821887
13.163762619 27.511832817
6.247483101 10.702039313
5.645124306 -29.117839501
5.660106500 -19.978432605
3.736708225 -19.503500828
4.842278387 -19.554254595
5.991629517 -19.806955837
-24.886468555 -18.114110314
6.247483101 10.702039313
5.660106500 -19.978432605
4.900183776 -30.807990995
-7.415509503 17.513455696
5.660106500 -19.978432605
-6.868289376 19.461525346
-7.346990136 20.227884766
15.518872822 7.060118021
5.250787826 16.470022510
9.259403345 14.876374183
7.449530501 9.361004263
7.742466019 -25.883481263
9.738223450 8.057842527
16.156788307 4.587969535
-2.904230308 -5.376804912
7.812925006 -28.373171381
4.763835291 -27.881864243
6.907189397 -25.892249591
8.534135143 -26.040002221
5.664293474 17.497064498
6.569460691 -29.636675990
8.800182708 -27.325387888
4.895971907 -27.972058030
10.884272488 27.699187546
24.890778386 -19.509751428
-3.196443356 -5.548814833
7.230218424 -27.471802321
8.950739596 -29.393984993
15.325953981 18.436495468
32.238934916 -13.772649472
35.541366874 -9.332986095
32.238934916 -13.772649472
5.804419418 -26.173247350
32.238934916 -13.772649472
26.121560986 -13.731678390
26.295030064 -8.589054353
10.438349590 5.368282244
7.965701388 -28.323085491
-6.868289376 19.461525346
16.973742423 3.998357846
1.007989472 20.148151875
1.007989472 20.148151875
0.849306309 20.328280048
0.958163101 19.950704926
1.007989472 20.148151875
5.654715222 4.258106444
-2.034970086 12.873149744
13.163762619 27.511832817
21.957643330 -11.134908939
21.957643330 -11.134908939
21.957643330 -11.134908939
21.957643330 -11.134908939
21.957643330 -11.134908939
21.957643330 -11.134908939
5.412225516 17.078813501
-1.607760944 10.938721999
-2.093632655 -4.200587371
2.322873429 5.505142456
-6.457748326 20.230538733
-22.910434695 -15.646588687
-6.457748326 20.230538733
-1.015848403 4.761049447
15.537502511 5.137614400
6.790453406 16.278085314
-13.494598873 -18.242190893
2.322873429 5.505142456
-22.910434695 -15.646588687
5.632655732 -26.669958665
23.260300226 -18.470737274
24.865959242 -17.347207820
-3.196443356 -5.548814833
-1.199218115 -3.877897554
-3.209311861 -5.034682410
-24.005754876 13.561796960
-24.886468555 -18.114110314
18.480940967 -6.346170313
26.904715558 -11.100309909
33.275081758 -8.699497742
33.275081758 -8.699497742
-7.000871454 19.517785320
-22.910434695 -15.646588687
-14.963330410 -25.859044398
-22.910434695 -15.646588687
-13.914342310 -19.891449801
25.547173366 -14.612304707
25.547173366 -14.612304707
1.922510694 8.491808194
-25.977559598 14.107186529
6.826783657 3.235903558
12.379054934 30.202312784
7.453900905 17.804299874
-22.910434695 -15.646588687
-5.223505553 18.891620667
5.199461536 -27.720255157
7.381087374 -27.582012851
-23.474012630 9.822603612
6.428875545 3.571861901
6.428875545 3.571861901
6.909434026 -29.678213060
17.341649963 5.544064961
11.852791322 28.840996939
-5.527407392 20.254355833
26.121560986 -13.731678390
-3.359209007 -5.392239481
-2.301463309 -5.819691434
-0.800774149 13.039588704
8.971500837 8.214070730
8.971500837 8.214070730
24.890778386 -19.509751428
-13.929911201 -20.356313606
6.218233038 2.052077684
4.489646121 3.502499087
-13.929911201 -20.356313606
-13.929911201 -20.356313606
-23.474012630 9.822603612
-14.496995800 -17.796034541
7.974592792 -28.825095456
27.907489439 -14.380029044
26.121560986 -13.731678390
26.121560986 -13.731678390
26.121560986 -13.731678390
10.347715488 7.926734859
-22.910434695 -15.646588687
-13.929911201 -20.356313606
-13.929911201 -20.356313606
4.489646121 3.502499087
22.416865945 -10.156808523
-22.910434695 -15.646588687
-26.868062251 9.998020051
9.307397171 -27.707406679
0.340953176 3.537109820
-7.685282879 21.771147887
10.274626667 26.757025161
-23.517844751 11.691803915
