-9.573744107 -10.395071176
10.442003998 -13.360233307
7.604962047 -10.596336090
6.034140522 -6.340209886
9.588615457 10.466452944
-2.643319077 -20.893418075
-24.591901051 -8.195842669
10.376550361 -14.066425291
11.849319849 -24.159931432
7.288782662 -16.206671500
6.968823419 -3.724385000
15.053529528 -7.451196044
9.806200914 -10.878346391
16.581305605 -8.561756811
13.763887149 -13.603860197
-2.706013470 -11.083292927
9.605539842 -10.018921412
16.901975229 -23.103245726
-7.140828417 -9.348127983
-12.505394664 -13.881572409
-10.643269879 -4.133603455
-8.961083230 17.721649385
9.846829814 3.573361726
6.985509169 -8.366091681
-3.634562932 -10.285210060
15.595569641 -7.847808341
9.956243893 -7.985897504
-2.267316483 -8.810002938
-1.227063291 -8.775271733
-3.216632264 -9.335795382
3.017086483 13.850880098
14.977398301 -19.774901810
-20.613678288 -7.743208433
-19.137954155 -9.044953243
1.712322644 15.945357227
-12.311843824 -18.727501194
-5.338289477 -25.132156726
-13.310567836 1.076387222
18.177083087 -3.764671176
-20.130463061 11.271105917
8.842865204 12.589987720
11.584752574 0.280696578
0.753527615 7.870922457
-7.945394611 22.313905226
4.586067317 -12.627758695
-12.311657147 -18.483531171
-11.952562462 -16.709531424
10.375233723 -21.804484280
10.094248073 -18.155089372
9.974997187 -22.265229378
8.084463543 -22.850421092
9.163125089 -17.848314699
-3.113988312 22.558726023
-20.188064068 10.019404278
1.823013172 -7.043601122
-21.547303675 -18.689421965
4.940938529 -19.676758525
-21.102332675 -17.582517931
14.332066001 -9.583995575
15.871313602 -25.678057585
16.523638500 -16.352911212
15.569816974 -24.204757674
12.369510085 -14.052761551
16.244452935 -24.150953000
15.906087065 -24.393710711
16.299617124 15.549170652
-2.829096449 -19.554015372
-4.927099232 19.972978806
-21.061045922 -19.252678005
-23.058552066 -6.197289662
-3.994185853 12.677813244
-7.040462145 -6.069415675
21.050996809 -16.021244990
-11.143586015 6.521964563
-10.752720421 7.013005210
-3.551883796 23.795480651
-6.234629896 -24.815693618
7.792374561 12.179611993
10.164132346 15.323421428
9.014694885 -14.700569155
7.532976950 -16.989855143
7.031650575 18.054971939
-1.441198337 19.430967191
13.641343769 -15.447061523
-1.758099744 11.814302968
6.711641149 -16.651186492
-25.683459912 -6.931041466
5.203213030 12.323211570
-7.904783951 -0.187390947
-4.457419736 -2.387457608
-25.648058522 -5.692049254
-5.156389440 22.011622247
-14.203065583 -2.484488077
-14.599262975 -3.407793130
-14.287070170 -3.309635786
-5.024736018 20.475471042
-4.070561557 16.062107353
-2.340424386 15.786630526
-2.467025682 16.275489820
-6.923979328 12.756457593
-21.971816666 8.945932438
-0.505457146 -25.541948558
-11.130840198 7.045510340
-0.728463625 19.474090339
21.631738636 -14.466482911
4.864046213 23.796737343
-25.703551398 -5.174569921
-11.540303789 -18.837480097
-4.359586937 19.019876766
2.516218375 -9.661344744
0.344593682 -18.780883655
-21.323998063 -16.953094401
-25.035146769 -7.593839240
13.518914432 9.446049343
-21.069206576 -18.531531581
4.363032850 24.748227714
-5.807058433 17.144476154
17.452341531 -21.185159887
-11.309543443 -17.169685826
-13.276515387 -17.607027274
0.241076949 -9.659056183
1.196744313 -9.400300057
10.626942200 17.179128586
12.024941850 17.298198815
11.178811495 16.910497058
8.965432078 18.295316120
2.863038298 5.792405256
1.256104815 -24.904207155
4.609602074 24.848110071
1.574532550 1.081527207
8.604566347 20.059209523
0.506142139 1.458154706
13.261450342 18.627437593
13.097851004 19.036581731
-2.364866037 -20.162712282
-3.102264337 16.882508438
12.389664056 13.156424654
16.188112788 -18.508121416
-2.473906327 -5.602958733
12.969501078 -22.208083947
13.655439924 -21.563646905
11.450247977 -21.969424653
16.087535370 -22.764572278
15.790257895 -21.967750450
0.284338274 2.844825886
5.859229302 -9.897853312
11.744008203 -16.467007735
17.152917472 -19.031870204
6.910771079 17.504103942
0.903207511 -10.839419272
9.661806308 18.078374153
2.383255565 -11.081886789
-20.926835449 11.499583184
-6.232469687 -0.267791703
-6.392459887 20.400389275
-6.452200954 20.732482319
-1.360723525 17.569310757
-10.093961699 -17.226585946
-13.484035587 -18.963457900
2.627739829 13.168725286
1.011818612 -13.183312660
-3.983792544 24.675273463
9.224003964 -16.113627092
23.875221377 0.131414116
-25.988862286 -7.987339766
-9.376831296 5.262888219
-10.818687080 6.574933548
-1.213799056 10.601680464
-19.617989456 9.567828667
5.371211785 1.999677383
-19.684628648 8.075103380
12.145005307 8.589298391
-6.989509263 12.472433112
14.329045782 13.255909687
-19.572545200 11.575061942
-20.365486562 9.444666386
-18.826666664 10.568089365
-19.149948038 10.143702509
-20.109358054 10.583148217
-19.216812779 11.134959776
8.660569285 -6.399600324
14.799406924 -23.533290287
10.607101725 11.503583267
-3.026716436 17.140866805
14.807305045 -22.159826683
15.428703447 -23.603341689
5.837699495 -12.162250969
-19.269190837 -9.042624390
6.394104228 -5.708485359
-11.337357226 -17.672909724
-11.043752709 -17.897796315
16.533217372 -23.610654097
14.170207225 -14.533218888
-23.463417272 -5.817651806
18.021687033 -11.793980405
15.707007127 -10.835884791
16.586150456 -25.518530223
-23.319522773 -7.749842645
9.598440450 -14.673854944
-2.054586232 24.288051676
-9.745701053 -9.767616028
-10.480469428 -9.746147688
0.322115382 1.048240092
-1.764796094 20.962032550
0.283806647 7.349765069
-1.591610009 -15.768094204
9.485277282 -12.304269709
-4.903274073 -24.526388759
8.489922840 13.490494936
5.122695981 -10.880162775
17.929411088 -23.694780932
17.766266153 -23.805737439
15.002110284 -19.068482701
14.371860482 21.459873268
10.742075417 17.059270950
7.521838042 -1.060176598
12.178465576 16.670621293
1.114971187 -22.422293136
3.119403832 -2.437043614
5.761419431 -13.354426032
7.515640834 -1.142067743
7.526163719 -1.052920975
4.292005527 -8.914956833
-8.649137765 1.610814375
-10.653596131 1.840362136
4.249872359 -17.888970768
4.555545561 -17.894881455
-5.573381056 -6.627384650
-8.893292264 10.708090705
-4.261055806 9.563605221
-8.642186895 12.382473371
-3.438433890 -22.484691179
-0.467430162 -12.198496301
-0.794388969 8.036847575
6.167509041 -11.135025753
-18.091702537 -7.110167078
-8.241079056 12.554619677
2.763017229 -9.397377063
-7.762708606 -15.591663421
-6.450413605 22.987363289
-7.683288128 23.448373022
-6.540474651 -23.635742301
-13.589519360 -16.329661561
-14.331177753 -18.354175092
-10.123916757 -18.236265334
-5.207880372 -12.365030927
14.676383676 14.951825616
11.069153362 -4.853886878
-9.756176250 -13.593954284
-6.982169785 -11.697561887
-24.542876578 -7.552928076
-3.782970144 18.022891634
-20.372433933 -18.221061274
13.661944596 -18.647449903
-4.173115772 -8.211425629
9.358370107 -22.386308801
-10.655809443 -10.691011176
-9.083782769 -10.600744727
6.138569425 12.716186345
-9.258460868 -1.894687236
4.248591650 -11.549379797
7.538624708 -11.904528659
2.654021828 16.680352885
7.417964930 -10.190531311
8.087922632 -13.372939146
15.966696303 -20.101947159
9.179238895 -24.595195942
5.210655840 -14.779825586
2.185165551 -14.037551959
1.248828964 -18.588423284
-10.030596354 1.741808427
-14.099833036 -15.732710871
15.486406452 5.805158727
15.095673419 4.664794295
11.413185397 16.511310150
14.355768336 17.113370701
-18.293271465 -7.970215335
8.096537473 -12.225217368
2.346265573 15.499197815
-9.284606729 -1.218900762
-7.130205383 22.297638972
6.052427115 -17.812112207
-10.493064064 1.953444008
-9.607984229 1.913329413
14.058591129 16.576487899
-1.747517320 22.865029195
-24.375357452 -7.151009089
10.958755697 11.673532762
4.764382700 9.611639686
-2.540738728 -23.371365688
-13.945771642 -14.545612032
-5.597988016 -5.343531409
-4.664885337 -5.351864809
-7.339682022 -0.759164561
12.102887498 -18.968305253
-4.601561305 -20.904077727
8.812175874 7.378757482
-5.781632436 22.437998201
6.605999246 -12.672636055
-2.429526162 20.037529395
-0.192905339 16.895385086
-4.859773424 -12.592243143
14.788670564 5.711001155
-13.049762922 -16.432008493
-21.951717242 8.571751848
7.112990792 15.399678885
-1.921697271 -3.073077018
15.964603468 -25.175870822
14.889234391 -24.589390398
-6.892179189 7.805210379
-6.426378018 2.483299317
-13.115203661 2.349290366
1.462409906 -11.947469914
4.896260667 -21.963741007
4.740109602 -21.710280496
4.707801846 -21.698154163
-15.923742021 -0.015718016
4.326736844 24.447569478
10.332166316 -15.448984968
-6.453753220 17.080155796
7.253219732 15.729801711
-25.713165820 -7.067094822
4.246541376 -12.015298445
12.625018923 13.511091458
-3.440613013 24.459468814
-11.805825443 -19.911862048
14.282869538 17.532400543
16.419378125 15.246917105
5.096070303 -7.140541262
-24.124742828 -6.392393892
2.606220400 -1.614315872
-1.480682391 -23.793992092
12.844404709 14.286612976
1.444717025 15.384839847
-0.474725650 -24.133687729
-19.968167343 -17.265182864
-2.379836638 15.145864436
-1.180864803 2.521759030
-10.708982041 -6.278067589
-13.766800983 -5.640635889
-21.144669149 -17.951296462
-13.650629712 3.871732910
-6.095441005 2.616317465
7.954380674 9.575239357
4.272843133 -15.356197714
10.575767108 -18.552550658
-2.449861186 19.169262082
9.684229130 13.822414909
-16.045355453 1.639847619
-16.579137386 2.383533583
9.625301404 8.080900946
-12.932489042 -14.786249856
-13.383829835 -15.110069567
-13.729843592 -16.268773075
6.342865564 -8.827919657
-21.035466613 10.920215179
8.138974573 -8.111166046
-18.953491797 -7.551455392
-16.461242060 -9.221154344
8.359090021 16.583255713
8.844164625 10.082659018
2.053977696 -14.413159486
19.466302273 -5.132176469
11.586162749 15.429060134
16.190433942 -7.828753169
-1.928606349 17.620521252
2.941304721 14.534874857
16.327631343 -4.422810979
-2.286837665 18.128054330
7.633598929 -23.109843971
-7.417648110 -4.150868625
-25.032875884 -8.014334592
5.241287341 24.997867617
11.682305828 -5.365848324
-26.366591065 -6.564851715
4.261138012 23.877580561
9.312140557 10.843850345
-0.840102619 15.605421616
-14.037456639 -15.041342076
-13.337943099 -14.207213472
1.274116777 16.308647424
15.028306592 19.317538662
13.869874480 -12.113309517
15.057829394 19.280198412
5.843603088 17.355395112
13.338295284 -11.343296728
10.134479364 3.528362165
13.697355215 20.076507517
-6.805102138 20.072552215
-11.075320121 -11.760908303
15.300587667 -21.376966836
9.008411118 -20.318625336
11.304925687 -19.767878491
11.651662623 15.606394701
12.869765373 16.100354528
5.480672364 -20.805372097
3.792596858 17.276796769
13.229863349 -15.495391384
-12.447054224 1.539426353
-13.412081695 2.402869281
-3.034835295 -23.327634286
-5.707897788 -10.144650536
-4.548423390 -11.198349040
14.807602599 -12.829722996
-8.500119599 2.522349963
-4.121508378 -7.445743662
17.287143141 -24.155940351
14.343957165 -17.634598035
-9.505981014 -10.115395127
-9.512068438 -9.584829077
8.117515753 -19.968480862
-10.183099743 -10.094021647
14.805821168 -15.077197522
8.531365702 -7.608039745
-3.220917779 19.570905227
-4.585500040 -23.709134504
13.464682111 11.896869487
11.180852235 13.898767751
13.199907417 10.521764196
12.684949744 -15.366358286
3.869323127 -5.922235039
7.091127762 -14.674842846
-7.955120538 21.243294260
-4.364133222 21.400972249
-3.321564577 19.171158424
-0.014161614 -27.671468058
15.650663906 -16.826864838
-6.012450405 -25.235200107
15.694946153 4.713592506
-12.071367929 -14.705057873
0.679515991 1.043414145
4.894657402 -8.646159450
10.874172829 20.089185728
-1.740690180 11.768827968
0.291734501 -17.435317562
-7.766629195 22.174166083
13.728852500 -19.757572609
-0.609499450 -24.273173113
-0.914209269 -23.198633295
15.359338950 -11.957643723
11.917077646 -4.806901755
-3.113349492 -22.918618447
11.105487637 19.751110228
-0.407753053 -22.304746935
-5.161471977 -17.137216433
-19.932678356 11.749547167
16.563939806 -22.252953764
16.406729017 -24.975457467
12.909761867 14.553258000
-1.671291337 18.889087685
16.603156558 -19.861167370
-9.896048021 0.567795133
-5.663087974 -11.411591411
-12.286037126 -19.462560742
-12.818648327 -18.367391224
12.270664466 0.226152872
7.138198870 17.283595493
-0.757783614 -24.316427148
-5.808584615 -12.648346285
2.449679465 15.172956454
16.295063185 -20.445931912
4.115431362 -16.578227965
-20.709162891 -18.432184617
6.747903823 7.183547857
0.974280249 -18.516580007
-0.693593827 -22.339011962
-17.162297517 1.716668389
-16.298889470 1.419803789
-17.773844304 2.212422939
7.763187608 -15.726603690
-0.142680189 13.751822740
-4.800917342 21.200905822
17.200228700 -22.245924267
-9.424518117 0.139822526
-13.124011539 1.969734978
7.425782651 -24.797366414
-25.423719868 -6.293612782
7.619105267 11.718176815
15.060638486 -20.070003867
13.864201631 -16.479173028
-15.025957032 0.715838363
-17.615912030 -10.372033626
-20.158835263 -7.806910797
5.245918404 -16.840066641
-5.215926162 20.925034827
2.293779058 -7.677789749
-14.752346190 -6.678021131
0.298188223 -6.314874310
-14.980384370 1.415255375
-14.126264986 1.767318177
-11.953443237 -19.132893430
11.430834922 -18.409639798
-6.432779903 -5.002720936
-6.421814133 -4.530261220
9.219868788 -19.272313477
-14.037022661 -1.001030327
-5.647658133 -9.787199720
-9.890841564 11.708483674
13.966821723 -20.347100264
7.433087094 18.934590743
3.471442017 -1.537708739
3.750857657 17.307567134
-2.203897751 -3.234151513
12.410331605 17.006291732
-19.611391205 10.991301369
-20.053428394 10.174968151
-21.750392101 -18.208780154
5.714364846 4.192795694
-7.092487288 -25.089672208
23.334336357 -13.998759946
-3.166481856 3.099884669
-2.731724808 -17.011492354
-20.720848269 -17.481949727
-5.838479376 -25.340221814
-21.252112992 10.805876619
-22.815381783 8.945438820
0.663876389 14.965824813
-4.350858189 21.074489099
-2.626250434 20.024960577
18.773265180 -3.529747017
17.759472131 -4.732011612
12.678179934 18.560587699
-7.133653417 -5.155980061
16.733866763 -24.734666584
18.078033271 -21.901118473
-23.961320897 -7.010338821
-24.414837653 -6.064585676
-23.726774003 -5.110378345
-2.397161307 -22.127266788
-7.978346934 -15.920029144
-17.286290450 2.441572755
-7.280867013 -0.857090130
4.880628383 3.635442936
6.245664654 4.081611194
3.700400592 -8.091964738
-0.327367638 -19.012542345
0.769817799 -16.123871057
2.703491951 -3.728422700
4.142823154 24.673837856
2.401119941 -18.080184523
-24.730728053 -6.093988414
-24.955536338 -6.743424698
15.089196362 9.401393846
12.999032153 20.893397016
0.890804569 -24.271633621
13.160438476 20.751272419
12.456051291 20.875596639
15.073515912 -10.383723424
10.843152234 20.000492503
12.223876726 20.321306407
-1.707441077 -12.820633131
-2.765528605 3.995456983
-2.453589197 3.951570853
-2.661469151 3.501756709
-2.815280401 4.282398473
-2.387978831 4.008267760
8.315989781 15.259560088
14.111583507 21.261161220
-3.854461977 23.078400437
-4.877905462 16.217025213
-22.161909273 9.340583290
-21.341016942 9.728479799
-6.408106045 -24.171113143
-1.596954390 -18.368869825
-4.244893203 -23.174012733
-11.345017953 5.084258954
5.036412724 4.426474059
8.396349463 15.906517888
-6.787962860 -25.078475979
-8.070154660 -24.413911720
2.472627998 -3.855589936
12.340253940 -4.578065349
-8.310742269 12.200080876
-6.557274515 11.875168878
9.148434029 -24.816390708
-5.637831090 7.037038870
-20.347570844 -17.852683439
-12.481116518 16.649332273
11.022521433 -10.933511306
-13.847626271 2.932701096
2.716216122 -3.426025586
-24.688762981 -5.052891204
-1.571410369 2.398868255
5.160099829 -13.232391130
3.283322837 -1.203738333
11.088703282 -10.875160025
11.580249662 -9.155854284
9.590545186 -3.830316712
-17.171400577 4.988421278
-6.166226682 20.787371962
4.864845108 24.357993105
-10.802913612 -5.517837484
-11.748128009 -5.857832841
-5.466537013 -24.382154671
-3.003147808 -24.185730842
-19.778100917 -10.015699853
-21.139618968 -9.472614572
-7.082229565 -25.734400929
-4.700978214 -7.054378372
3.398716201 -8.347056139
3.299482277 -14.839282233
-12.759714604 -2.278246187
23.151169415 -14.988789918
3.439717912 -16.318568356
13.827080712 9.141798914
-0.489835588 -15.181604960
-9.557801555 10.835553101
-9.122784314 11.548932697
6.943571420 -13.564501423
6.705597080 -14.520779659
-6.627500251 -6.587253756
-21.692147760 -17.730531635
-3.223905038 -23.670848823
-4.896194122 -22.876619991
17.296599808 -21.709320514
-6.597482498 -26.074827528
-5.814458916 -22.758958441
-23.941399658 -7.831224036
-5.408355702 19.677175753
7.021092418 -15.363584043
-2.577952855 -22.312929764
16.727186010 -17.991358753
-5.390586090 -16.023098207
-4.956911035 -15.740617456
9.780758548 12.769662384
12.438019805 16.701394244
12.913690841 17.708995424
-3.556185242 -22.378961993
-14.454005495 1.575106130
8.982269730 -14.053030901
-9.543724176 -1.578787326
-22.496019763 8.154703660
-18.046629651 2.061572117
-16.635749613 1.877295254
-13.309685646 -14.692133926
-7.452691307 23.029984955
0.380556717 -17.228189851
-11.688803165 1.777774590
-5.216414367 -9.547735022
14.995290208 13.273343923
-8.215077296 12.927310144
-19.779468415 -18.548451842
-20.318924281 -19.243243550
